6 1 4 7 10 2 8 
10 9 6 8 2 1 88 
10 7 9 8 1 
10 88 7 2 1 5 
10 3 7 2 1 9 
6 8 10 5 3 88 
8 9 10 7 88 4 
9 10 4 6 88 8 1 
8 9 10 7 2 
10 8 9 2 3 
10 9 6 8 7 
8 9 10 7 6 1 2 
10 9 7 6 1 
10 9 4 1 3 5 2 
8 9 10 6 1 4 5 
10 9 8 7 2 5 
9 10 7 5 4 8 2 1 
10 7 8 4 3 
10 8 7 5 1 9 
10 7 8 2 3 6 4 
10 8 9 4 88 2 5 3 6 
10 1 8 6 2 4 3 
10 1 7 6 3 8 9 
10 9 7 8 2 3 1 
9 10 4 1 7 8 6 
10 8 9 2 3 6 4 
7 8 9 10 5 6 1 
10 8 9 7 1 
10 9 8 7 6 5 1 
8 9 10 4 5 6 1 2 
10 9 5 7 1 2 
10 88 88 1 2 3 
10 8 88 5 6 1 2 88 
10 9 6 7 3 4 1 2 
9 8 10 6 2 4 3 1 7 
9 10 88 7 3 2 1 
8 9 10 6 5 7 
88 9 10 6 5 1 2 
7 8 88 10 3 1 2 
10 9 5 4 7 
7 8 9 10 4 1 88 3 
8 10 4 2 1 
10 9 8 4 7 3 1 2 
7 8 10 6 3 1 
10 8 9 2 1 4 
10 9 7 4 88 1 
9 8 10 4 6 88 7 
9 10 8 7 5 6 1 2 
10 9 4 6 7 1 2 
10 9 88 7 8 6 
8 10 9 7 2 
8 9 10 4 88 1 2 6 5 
7 8 9 10 2 3 1 6 
7 88 9 10 3 4 1 2 
7 8 10 6 2 3 5 
7 8 9 10 3 5 4 
7 8 9 10 2 3 5 6 1 
7 8 88 10 2 1 5 
8 9 10 7 88 
9 8 10 88 4 6 2 7 1 
7 8 10 9 3 1 2 4 
7 8 9 10 6 1 4 
8 9 10 7 3 2 1 5 6 
6 8 7 9 10 2 1 
6 88 9 10 4 3 5 2 
10 88 9 5 88 2 1 3 4 
6 7 8 10 1 4 
8 9 10 7 2 1 88 
10 8 7 6 2 3 1 4 5 
8 9 10 5 6 7 
6 7 9 8 10 4 
7 8 9 10 5 
6 8 9 10 1 2 3 88 5 
5 7 8 9 10 3 4 
10 8 9 3 4 1 2 
8 9 10 7 6 
7 9 8 10 5 1 2 
10 9 7 5 6 
7 8 9 10 4 5 6 1 
7 8 9 10 1 2 5 3 88 6 
7 8 10 9 6 1 3 
10 1 7 6 4 9 5 2 
10 9 7 3 88 1 4 6 
10 1 9 6 4 2 7 8 
10 9 8 4 1 3 
6 2 1 88 9 10 8 
10 9 4 3 1 7 
1 4 7 6 5 3 2 10 8 
1 2 6 5 7 4 9 10 
2 1 88 7 8 9 10 6 4 
9 10 4 6 2 
1 2 3 7 10 9 
10 88 9 6 1 
1 2 4 5 9 10 6 7 3 
10 1 9 6 7 3 4 
6 1 9 8 10 5 
1 2 88 10 7 
3 4 5 9 10 1 2 
10 1 2 9 8 5 3 
9 10 5 1 6 8 
1 2 5 3 10 9 8 
1 7 88 88 5 10 2 
9 10 8 1 2 3 4 6 
9 10 8 7 1 2 3 4 
10 1 88 88 9 88 
6 1 10 9 7 2 
10 9 8 7 6 3 
9 3 1 2 7 4 10 5 
9 10 7 8 1 2 4 88 5 
10 9 7 1 3 5 6 2 
9 10 8 6 1 2 3 4 
1 2 88 4 8 7 10 
8 9 7 10 3 4 1 88 
1 3 2 8 6 9 10 
1 2 4 9 10 8 6 
8 88 10 1 2 3 
10 9 7 8 3 2 
2 1 4 5 10 88 6 9 7 
5 4 10 88 
10 9 8 2 3 88 1 
1 3 2 8 9 10 4 
7 10 6 3 1 4 88 
3 4 7 8 10 9 2 1 
10 5 7 8 6 1 2 4 88 
9 3 10 2 4 1 8 6 
10 88 4 8 9 
1 2 6 7 10 9 88 
8 9 7 10 2 1 5 88 6 4 
9 6 8 7 10 1 2 5 
10 7 8 6 9 1 3 4 5 
8 7 10 9 1 3 88 4 5 
4 1 2 3 9 8 10 5 6 
10 7 9 3 1 4 2 8 
9 10 5 3 4 2 1 6 88 
9 10 4 5 6 7 8 
8 9 10 6 2 1 3 4 5 
8 9 10 7 5 6 1 3 2 
10 9 7 5 3 2 4 1 
10 9 5 8 4 7 
9 10 3 5 2 1 4 
3 1 2 4 5 10 6 
6 7 10 88 2 9 
8 9 10 5 6 3 4 1 2 
10 6 9 5 8 1 2 4 
10 5 4 88 3 
8 9 10 7 1 4 5 2 3 
10 4 9 88 1 
9 10 4 2 3 1 6 
6 7 5 10 1 
1 2 3 4 9 10 5 6 8 
3 5 7 9 10 2 1 6 
10 8 9 2 3 7 
1 9 8 10 6 7 3 5 2 4 
1 3 7 4 6 10 9 
9 10 7 6 3 4 1 2 
8 7 9 5 1 2 
10 3 7 6 9 
10 9 8 2 1 5 6 
9 3 7 5 6 10 8 88 
2 3 1 6 4 5 8 10 
1 3 6 7 8 10 2 9 
1 2 3 9 6 10 7 
1 2 3 4 9 10 8 
1 4 3 9 10 2 
1 2 3 8 7 9 
1 2 3 4 10 6 
1 88 9 10 3 
1 2 3 4 5 9 10 7 
88 1 3 9 10 6 7 4 
1 2 4 3 8 9 10 7 
1 3 2 4 8 10 9 6 
1 2 5 8 10 6 7 
1 2 9 10 5 88 
1 2 3 5 9 10 4 
1 3 5 10 9 
1 2 5 8 7 10 9 4 
1 2 10 7 9 
1 2 3 4 10 8 5 7 
1 2 3 7 8 10 9 
2 5 6 9 10 7 3 
1 2 3 4 7 10 
1 2 5 7 8 10 
1 3 9 10 8 
1 2 4 6 8 10 
1 8 6 10 9 
1 2 3 6 8 10 
1 2 3 4 5 8 9 10 
1 3 2 4 5 7 9 10 
1 2 4 8 10 9 
1 2 5 6 8 10 88 
1 2 3 4 7 8 10 6 9 
1 2 3 88 5 88 88 9 10 
1 2 3 6 10 9 8 
1 2 4 8 9 10 7 
1 2 3 4 9 10 7 8 
1 2 3 4 6 88 10 5 
1 2 3 9 88 10 7 
1 2 3 4 5 9 10 8 
1 2 3 5 10 7 88 
1 2 88 6 4 10 88 
6 7 10 2 3 1 
6 7 88 10 2 
1 7 3 8 10 
1 2 3 6 9 88 8 7 10 
1 2 3 4 10 6 8 
1 2 4 10 8 
1 9 10 6 8 5 2 
8 9 10 7 6 5 
1 2 6 9 10 
7 88 10 4 5 6 1 3 9 
7 8 9 10 1 88 
1 2 3 4 8 10 9 5 6 
1 2 3 4 5 7 10 9 8 
1 2 3 88 5 8 7 10 
1 2 3 4 7 10 8 6 
1 2 3 4 5 9 6 10 
1 2 3 7 9 10 
1 2 3 4 5 8 10 
1 3 2 5 9 10 8 
1 2 5 3 9 10 6 4 
1 2 3 4 88 9 8 10 
1 2 3 4 10 88 7 
1 2 3 4 5 10 88 7 
1 3 2 4 9 7 10 
1 2 3 4 5 6 10 
1 2 4 3 6 9 10 7 
1 2 3 4 7 8 6 10 
1 2 8 5 9 10 88 
1 2 3 4 6 9 10 5 
1 2 3 4 5 7 9 8 10 
1 2 3 7 6 10 8 4 
1 2 3 4 5 6 10 
1 2 3 4 8 9 10 7 
88 2 3 5 6 7 10 9 
1 2 3 4 5 6 10 8 
1 2 3 6 4 10 8 7 
1 2 3 4 5 10 9 6 
1 88 7 9 10 8 
1 2 3 5 8 9 10 6 7 
6 1 2 3 4 5 10 88 
3 9 10 2 88 8 5 7 6 
8 9 10 6 2 5 
7 10 8 88 3 88 
9 10 8 1 4 88 
10 9 8 3 1 4 
10 8 9 88 
9 10 8 7 
9 10 4 3 2 5 1 
10 8 5 7 2 3 
10 8 9 7 1 2 
9 10 8 6 
8 9 10 2 3 1 5 
9 4 10 1 6 3 
9 10 8 4 5 7 
10 2 7 6 9 
8 9 10 2 1 
2 9 10 5 6 
4 2 9 10 3 
7 8 9 10 3 1 
2 8 88 
1 2 3 10 7 
1 5 6 9 
1 9 10 5 
7 8 9 10 4 
8 9 6 10 5 4 1 
6 7 8 88 9 2 
6 8 9 10 3 4 
7 8 9 10 
7 8 9 10 
6 7 9 8 10 
88 6 8 10 
9 88 10 
8 10 9 7 
8 9 10 6 1 
9 10 88 
8 9 10 2 1 
6 9 10 
9 10 88 88 
9 88 4 
7 8 88 10 
1 9 10 5 88 88 
7 9 10 3 2 1 
4 3 8 9 10 
5 6 7 10 1 2 
7 9 8 
8 7 9 10 4 88 
7 6 9 10 
6 7 88 9 
6 9 10 8 4 5 
7 8 9 10 6 5 3 
6 8 9 
8 88 6 10 1 88 4 
9 7 8 10 1 
7 8 9 10 88 1 88 
7 10 1 
6 9 10 7 4 2 
5 9 8 88 10 1 
88 6 8 10 1 
8 9 10 7 2 88 
88 8 10 9 4 
7 8 9 10 6 4 
7 9 88 6 10 8 
8 9 10 6 5 
7 8 9 10 1 2 
7 88 9 10 4 1 3 
8 9 10 4 1 7 
7 9 10 6 1 3 
6 7 8 10 9 5 2 
7 9 8 10 3 2 4 5 
7 9 10 8 1 3 
5 7 8 6 10 
7 8 9 10 5 2 
7 6 8 9 10 5 3 
7 8 9 10 6 
7 8 88 10 6 
6 7 10 9 1 2 
8 10 9 7 2 
7 5 8 10 9 
5 6 8 7 9 10 
5 6 9 10 8 2 
1 2 3 4 10 7 8 5 6 
1 2 4 9 10 8 6 7 5 
1 2 3 8 10 9 7 
1 4 5 6 10 3 88 
1 2 9 8 10 88 
1 2 6 9 10 4 7 
1 2 5 9 10 6 7 
1 2 4 5 6 9 10 
1 8 9 10 2 7 
4 8 9 10 7 88 
1 4 2 9 6 10 3 
1 2 3 6 5 8 9 10 4 
1 3 7 9 8 2 10 
1 2 5 8 88 10 88 
1 2 6 9 
1 4 8 6 9 10 7 
1 2 4 7 9 10 
1 4 3 9 10 88 
1 2 9 8 10 5 6 7 
5 2 3 7 10 6 9 
1 2 3 7 8 9 5 
1 2 88 88 9 10 5 88 
1 8 9 7 10 4 3 2 
6 8 9 10 3 1 4 
9 10 4 5 1 88 7 2 
1 7 6 9 10 
1 88 9 3 8 88 10 88 
1 6 7 8 10 5 4 2 
1 7 8 9 10 
1 2 3 4 5 6 7 8 
3 4 5 6 7 8 9 10 1 2 
1 6 5 4 9 88 10 8 
1 2 3 8 7 10 
1 88 8 9 10 3 
1 2 7 8 10 88 
1 2 3 4 8 6 9 10 88 
88 88 9 7 10 3 
1 7 4 3 2 10 9 
88 9 8 10 
1 8 9 10 4 7 2 6 
1 2 3 6 9 10 7 8 
1 2 3 8 7 10 6 5 
6 8 9 10 1 3 4 
88 9 8 5 2 1 
1 2 9 10 3 8 6 
1 3 5 4 9 10 7 2 
4 7 8 9 6 10 
3 5 7 8 10 4 
1 5 6 7 9 10 8 3 4 
3 2 8 5 88 10 88 6 4 
1 8 88 
1 2 4 5 6 8 9 10 88 
2 4 1 3 7 8 10 
1 2 3 4 6 8 7 9 
1 88 6 8 7 5 3 2 
1 2 3 4 88 9 10 
1 2 3 8 9 10 7 88 
10 8 4 3 6 9 
1 2 88 9 10 5 6 
1 2 9 10 6 5 4 
1 2 3 5 9 10 88 
3 2 9 10 8 7 
5 2 8 9 10 1 88 
1 2 5 9 7 8 10 3 
4 1 7 6 8 9 10 88 2 
1 2 4 5 10 8 7 3 
4 9 1 10 3 8 
6 10 9 8 1 2 4 7 88 
1 3 2 4 88 6 8 7 10 
1 2 3 4 9 10 5 8 
1 2 3 8 9 10 7 6 
7 8 6 4 10 3 2 1 
5 6 7 8 9 10 2 1 3 4 
5 7 8 9 10 1 3 2 4 
5 6 7 8 88 88 1 2 3 4 
5 9 8 6 10 7 1 2 88 88 
5 6 8 7 9 10 1 2 3 4 
5 6 9 10 7 1 3 
5 6 7 8 9 10 2 3 1 4 
5 6 9 10 8 1 2 3 4 
10 8 7 6 1 2 9 88 
10 9 6 7 8 3 88 
9 4 7 1 6 10 
4 88 1 9 10 88 88 
10 3 8 1 9 
10 9 8 6 3 5 7 1 
10 6 7 8 1 3 
10 9 4 8 1 6 
10 9 8 5 2 
10 9 8 4 2 1 3 
10 9 1 3 6 2 8 
10 9 6 4 1 3 2 5 
10 9 5 6 1 88 4 
10 9 4 7 1 3 
10 7 8 3 9 4 
10 8 9 5 6 
10 9 8 4 2 3 88 
88 4 9 3 
10 8 7 9 88 1 
10 7 8 1 2 6 
10 9 7 1 5 4 2 
9 7 6 2 1 88 3 
10 1 2 9 88 7 4 
10 9 8 3 2 1 
10 9 8 3 5 1 6 
10 2 1 6 5 9 3 4 
10 9 8 2 3 1 7 
10 1 6 9 5 7 4 3 
10 7 8 2 1 3 9 
10 9 6 3 5 8 1 2 
10 9 8 2 5 1 7 3 
10 9 88 88 1 88 5 2 
10 9 8 7 5 2 3 1 
9 88 88 2 10 4 
9 6 2 1 10 7 88 
9 7 1 10 88 
10 9 6 2 7 
10 9 6 88 2 3 88 88 
10 8 9 2 4 5 1 
10 88 4 1 6 2 9 
10 9 8 1 2 4 
10 9 8 6 88 7 
9 8 7 10 1 
10 5 4 2 9 8 6 3 
10 2 8 9 5 88 
10 9 8 4 88 5 
10 9 6 7 88 
10 6 9 7 88 
10 9 7 8 3 6 5 
10 9 7 6 3 1 2 
10 9 8 7 2 4 6 
10 9 4 8 1 5 6 3 
10 8 7 4 3 1 9 
10 8 9 6 3 88 88 
10 9 7 3 6 5 1 
10 7 6 9 1 3 4 
10 9 5 8 2 1 3 7 
10 8 6 5 2 3 7 1 
9 8 88 10 88 88 
10 9 6 88 88 1 5 
10 9 8 6 88 7 4 
88 8 9 88 1 88 
10 9 1 88 2 5 
2 10 9 8 7 1 
10 88 88 4 6 88 
10 8 4 3 7 5 9 
1 10 6 4 9 
1 10 9 8 2 4 
10 9 1 88 88 2 6 8 
10 7 9 8 1 6 
10 9 8 6 5 2 
10 9 5 6 3 4 
1 10 9 8 6 5 3 
10 88 9 88 88 6 
1 10 6 5 9 4 8 
1 10 7 8 9 6 2 
88 10 8 88 2 3 7 
1 10 9 7 4 3 88 
1 10 9 7 3 4 5 6 88 
1 10 88 88 6 
10 7 6 8 1 3 
9 6 1 2 10 8 
7 10 9 1 88 
9 10 5 6 4 1 
9 7 8 2 10 1 
5 6 8 10 1 
8 9 10 6 3 1 
10 2 1 6 7 4 
1 8 3 7 88 
10 9 8 6 88 4 
7 8 9 10 3 1 88 
1 4 2 9 10 88 8 88 
5 6 7 8 10 9 
5 9 4 10 6 
7 8 1 6 4 
88 9 10 8 88 7 
8 2 9 10 
1 9 10 3 5 7 6 
10 9 5 6 1 88 2 7 
6 7 9 5 1 10 
1 2 9 8 7 5 
8 9 5 6 2 1 4 
9 10 4 88 1 6 2 
9 10 8 4 2 1 6 7 3 5 
8 9 10 7 5 1 6 4 
8 9 10 6 7 1 
7 8 9 6 4 1 
7 8 10 9 5 3 1 
6 8 7 10 5 9 1 2 
9 1 10 6 
7 8 9 1 5 2 4 
9 6 5 10 1 3 
9 10 7 8 6 3 88 88 
9 8 3 10 88 5 1 
9 8 10 7 1 88 4 88 
8 9 10 7 1 2 
8 9 10 7 6 
7 88 10 5 6 1 3 4 
9 10 7 8 1 2 5 6 
1 9 10 2 7 4 
8 9 10 7 88 1 5 3 6 
8 10 2 88 
7 9 10 6 8 3 4 2 
9 10 7 2 8 
8 1 2 10 6 88 
9 7 10 2 88 3 4 
88 3 88 7 8 9 88 5 
7 9 8 10 4 
8 9 10 7 5 1 2 4 
4 9 10 6 2 8 
7 9 8 1 2 
7 8 9 10 4 5 6 1 
7 8 10 9 5 6 88 1 2 
6 1 7 8 9 2 3 
7 8 10 2 5 6 
10 4 9 8 5 2 
8 6 9 10 88 7 3 1 2 
9 10 5 6 3 4 
7 8 9 10 1 
3 4 5 10 6 9 88 7 1 8 
8 9 10 5 2 6 4 
7 8 10 9 3 
7 8 9 4 5 
10 7 9 8 1 2 
10 8 9 3 4 88 
9 10 8 7 2 1 3 4 
9 10 6 4 3 
9 88 8 5 6 1 2 4 
7 8 10 5 6 
9 10 88 3 4 5 6 
9 4 3 10 7 
88 10 5 6 7 8 2 
7 8 9 10 1 2 5 3 
7 8 9 10 88 4 3 
7 88 10 5 6 3 4 
7 8 10 9 1 2 6 
2 7 8 9 10 
4 3 7 8 9 10 
9 10 4 88 5 6 
9 10 6 5 1 88 3 4 
10 1 3 7 8 6 4 5 
10 8 5 6 1 2 
10 9 8 1 
2 10 7 88 1 88 
10 8 9 7 3 6 
10 9 1 88 88 
9 10 2 88 7 6 
10 4 9 1 
5 6 7 88 10 8 4 
10 9 6 7 4 
9 8 10 88 6 
10 8 9 88 3 7 1 
8 9 10 7 4 
10 88 6 4 9 
10 1 88 5 9 6 
10 8 1 9 
4 8 9 5 2 10 1 
9 10 5 4 88 
9 10 7 5 6 3 
10 6 7 4 3 5 
8 9 10 88 7 4 5 
6 4 2 1 9 
9 10 7 8 1 
10 9 7 8 
10 8 7 1 9 3 6 
10 9 88 5 7 
10 4 3 2 88 88 
10 88 9 1 4 
10 9 6 88 1 2 8 7 
9 10 5 1 
7 9 8 10 2 
10 7 9 6 5 
10 6 8 9 
8 9 7 1 2 10 
10 6 9 4 2 1 88 
9 6 1 10 88 
10 88 88 6 8 
10 88 9 7 
10 9 8 4 
10 5 9 4 7 6 1 
1 3 7 9 10 5 
88 8 2 7 88 
10 9 8 1 7 2 4 
10 8 9 7 
10 9 8 1 7 2 
10 5 6 9 7 4 
10 8 9 1 88 3 
10 7 8 9 
10 6 9 8 4 5 
9 10 1 8 7 5 
9 6 10 8 7 
1 10 9 6 8 7 
10 88 8 1 3 2 
10 8 9 7 88 3 2 88 
10 9 6 4 
10 7 9 8 4 5 
10 7 8 9 5 6 
88 4 9 10 5 
88 9 10 6 5 7 
10 9 8 4 1 
8 9 10 6 5 3 4 1 
10 1 9 8 7 
5 10 8 2 9 3 
7 10 9 2 1 
9 8 10 4 2 
10 8 4 2 88 7 
10 6 7 9 
6 10 8 2 9 7 
88 6 88 4 10 2 5 1 
8 7 9 6 3 4 
8 9 10 3 6 
10 9 8 2 7 4 5 
8 9 10 88 7 2 3 
9 10 8 88 6 88 3 
10 6 88 3 88 8 
10 8 9 6 5 
9 5 10 3 88 
10 3 9 88 
10 9 7 6 5 1 
10 88 88 88 6 
9 10 3 5 6 8 88 
10 9 7 8 6 5 4 2 1 
10 8 9 1 2 7 3 5 88 
8 9 10 88 2 1 3 
8 7 9 10 3 6 5 1 2 
7 8 9 10 6 4 3 1 2 5 
8 9 10 1 7 6 3 5 
10 8 9 6 7 4 5 1 2 3 
7 8 9 10 5 6 2 1 3 4 
10 8 9 6 7 3 5 2 1 4 
8 9 10 6 7 4 1 3 88 5 
8 9 10 7 2 1 3 4 5 6 
8 9 10 4 5 6 1 3 2 
7 8 9 10 5 3 4 
10 9 5 6 8 1 3 88 
10 8 9 6 5 7 4 1 
6 7 8 9 10 5 4 
9 10 7 8 2 1 3 4 6 
8 9 10 88 7 1 2 3 
7 9 10 5 2 3 4 6 
8 9 10 6 5 7 1 2 3 4 
7 8 9 10 5 2 1 4 3 6 
7 8 9 10 6 5 3 4 1 
8 9 10 5 6 7 4 2 1 
9 10 2 1 6 5 8 7 3 4 
9 10 7 8 5 6 4 88 
7 8 9 10 3 5 6 4 
9 10 7 8 5 6 2 1 4 3 
9 10 7 8 4 88 3 5 1 2 
7 8 9 10 5 6 3 4 1 2 
7 8 9 10 3 4 5 6 
9 10 7 8 5 6 3 4 1 2 
9 10 7 8 6 4 1 2 3 
9 10 5 6 7 8 1 2 4 3 
9 10 8 7 4 3 1 2 6 
9 10 7 8 4 3 6 1 2 
7 8 9 10 5 6 2 88 
7 8 9 10 5 6 3 4 1 2 
7 8 9 10 5 6 
7 8 9 10 5 6 88 88 1 
9 10 5 6 7 8 3 4 1 2 
8 9 10 6 7 1 2 3 88 5 
10 8 9 7 4 5 6 
7 8 9 10 5 6 1 2 3 4 
7 8 9 10 1 2 5 
8 9 10 88 88 2 88 
9 10 7 6 8 5 3 4 
9 10 7 8 5 6 3 4 2 1 
7 8 9 10 6 
9 88 7 8 5 6 4 2 1 3 
9 10 7 8 6 5 4 3 
7 8 9 10 1 2 5 6 
7 8 9 10 1 3 2 4 88 
7 8 9 10 1 2 3 4 5 6 
9 10 5 6 7 8 4 3 2 1 
8 9 10 5 6 88 3 7 
9 10 3 4 7 8 5 1 2 
7 8 9 10 5 6 
7 8 9 10 5 88 2 
6 7 8 9 10 4 88 5 1 2 
6 7 8 9 88 2 3 4 5 
7 8 9 10 6 1 2 5 
7 8 9 10 2 3 4 6 5 1 
9 10 8 7 4 3 5 6 2 1 
7 88 9 10 4 5 3 1 2 
6 7 8 9 10 2 1 5 
7 8 9 10 4 3 6 5 1 88 
7 8 9 10 2 1 88 
7 8 9 10 2 88 5 6 
7 8 9 10 1 3 4 5 6 2 
7 8 9 10 1 2 3 6 5 
7 8 9 10 5 6 1 2 
7 8 9 10 3 5 6 4 
9 10 5 6 7 8 3 4 
9 10 8 6 7 5 1 2 
5 6 7 8 9 10 3 4 
5 6 7 8 9 10 
9 10 7 8 5 3 4 
9 10 8 7 5 6 4 1 3 2 
5 6 7 8 9 10 1 2 
10 5 7 3 2 
1 2 3 6 9 10 5 
10 1 9 7 
9 10 6 1 4 
8 9 1 2 3 10 
10 9 7 5 6 1 
10 9 88 1 2 4 
8 5 1 2 10 4 3 
7 8 10 1 
7 8 9 10 2 4 1 
8 9 10 6 88 
6 7 9 8 1 3 4 5 
6 7 9 10 1 2 3 
6 7 8 9 10 5 1 2 
10 6 7 9 88 
9 6 8 10 1 7 
10 6 88 2 1 
6 9 10 88 3 5 
8 9 10 7 6 
6 7 8 9 10 2 1 
5 9 7 1 10 88 3 2 
88 7 9 10 1 
5 7 8 10 1 2 4 3 
5 6 7 8 9 10 1 2 3 
5 6 7 8 10 1 3 2 
6 7 9 10 5 2 88 
88 8 9 10 1 4 
10 8 7 5 3 
6 7 8 10 5 
6 7 8 10 1 2 4 
5 6 7 9 10 3 2 1 
10 88 88 5 88 1 2 3 
5 7 9 8 10 2 1 
6 7 8 9 10 1 
5 6 9 10 2 4 88 
5 8 10 1 2 
6 7 8 9 10 5 3 2 
6 88 88 1 88 2 4 
88 8 88 10 1 2 
8 7 10 4 3 1 
6 1 7 9 10 3 
6 7 10 1 2 3 88 
9 10 5 88 
5 6 7 8 10 2 4 
7 9 8 10 4 2 1 6 
6 7 9 10 4 3 1 
7 8 9 10 6 
6 8 10 1 
5 7 6 8 10 88 
5 6 7 9 10 
9 88 8 2 1 
5 6 8 9 10 1 
7 8 4 10 
3 88 88 9 10 
88 9 10 7 5 
9 6 10 4 5 
9 10 5 2 1 88 4 
88 10 5 88 
6 9 8 10 2 
7 8 9 
88 8 6 10 4 88 
5 88 7 10 88 
6 5 10 2 1 4 
6 8 7 9 10 1 2 4 3 
6 9 88 10 4 1 2 
5 8 7 10 9 3 2 
6 7 8 10 9 4 5 1 
5 6 7 9 88 4 2 1 3 
5 6 8 10 2 3 4 
1 2 6 10 
7 8 9 10 1 3 
88 7 10 4 1 
5 7 9 10 
5 6 8 10 88 
5 6 9 10 1 2 88 
7 8 9 10 6 88 
6 7 88 10 1 
9 88 10 5 88 1 
5 6 8 10 7 1 2 
5 8 7 10 88 3 1 
1 3 6 10 7 8 2 
9 1 2 8 10 6 5 3 
7 10 9 1 8 2 
1 2 3 10 7 
10 3 9 7 8 1 2 
9 10 2 6 1 
9 10 1 7 6 3 2 
9 10 5 1 8 3 
10 9 1 2 6 5 3 
8 9 10 7 88 1 
8 9 10 7 2 
6 7 9 8 10 1 2 3 
8 9 6 4 7 10 
7 8 9 10 1 4 
7 88 9 10 4 88 
6 8 7 9 10 4 1 
7 8 9 10 2 6 
7 9 10 2 3 4 
7 8 10 2 5 
6 7 8 9 10 5 
6 7 9 10 3 1 5 2 
6 7 9 2 1 5 
8 9 7 10 1 2 4 3 
7 5 8 9 10 
6 8 10 9 4 1 5 
7 9 3 2 1 10 88 
9 10 8 2 3 4 6 5 
10 7 9 1 88 
9 10 8 1 4 3 2 
5 8 10 1 2 3 7 6 
6 9 8 1 2 10 
5 88 10 3 1 2 4 
9 10 8 1 88 88 2 
7 8 9 10 2 3 1 6 
9 10 3 2 1 6 88 4 
8 9 10 3 1 2 
9 10 6 2 4 8 
10 7 88 9 3 2 88 4 
7 8 9 10 1 
8 10 9 4 88 1 2 
7 8 9 10 1 2 
7 88 10 3 2 1 
8 7 9 10 4 
6 7 8 10 3 2 1 
8 9 10 4 1 2 
6 88 9 10 5 
9 6 7 8 10 3 1 88 4 
7 8 9 10 1 3 2 88 
7 8 9 4 1 3 2 
5 6 9 10 1 3 2 4 
9 10 7 8 
8 9 10 1 3 4 5 6 
8 9 4 3 1 5 10 
88 6 8 10 9 88 3 
5 10 2 1 8 
8 9 10 7 88 2 1 4 5 6 
6 8 7 10 2 1 3 4 
5 8 9 10 4 
7 3 10 88 2 
7 88 10 1 2 88 4 
8 9 10 3 4 1 7 
7 9 88 1 2 4 
8 2 3 10 4 
8 9 10 1 2 7 
8 9 88 5 88 1 4 
8 9 10 1 2 4 
7 8 9 10 1 4 
5 7 9 88 1 2 3 
6 8 9 3 10 4 5 1 2 
5 1 88 10 8 7 
6 7 9 10 4 3 
4 88 7 88 3 2 1 5 
8 9 10 1 2 6 4 3 
7 8 9 10 88 5 88 2 
7 8 9 10 88 5 6 
6 8 10 9 1 88 
7 8 9 10 2 
6 8 10 9 1 5 
1 2 6 5 88 10 7 
8 9 10 1 6 5 4 2 3 
1 5 6 10 7 9 88 
1 2 8 3 10 6 5 
1 5 9 10 88 
10 8 9 3 4 2 
7 1 8 9 10 2 88 88 
1 2 4 10 6 5 8 9 
1 8 9 88 10 7 
1 2 4 9 3 10 
2 1 3 4 10 9 88 
10 8 9 3 4 7 
10 9 8 88 4 
1 2 88 3 9 6 10 
1 6 9 10 4 5 
1 88 2 88 9 10 
1 6 7 4 10 
9 10 8 6 
6 7 8 9 10 1 5 
6 7 8 10 2 3 
2 8 10 1 9 
1 3 2 4 5 6 7 10 
1 2 3 4 5 8 10 7 
1 2 3 4 5 7 10 
1 2 3 4 10 88 9 
7 8 9 10 1 2 3 4 
6 7 8 9 10 1 2 
6 7 8 9 10 1 
1 88 4 10 88 6 9 
7 8 10 9 1 2 3 4 5 
1 88 7 3 9 8 10 4 
1 2 3 5 88 10 9 8 
5 6 7 9 8 10 1 2 3 4 
5 6 4 10 1 2 3 
1 2 4 9 10 6 8 3 
88 2 7 8 9 10 
1 2 5 3 88 9 10 
1 2 3 9 10 7 
6 8 9 10 1 2 3 4 7 
6 7 1 5 2 4 10 8 3 
1 88 3 4 6 7 9 10 
7 8 10 9 88 4 1 6 2 
1 3 88 6 88 9 7 
1 2 3 4 88 10 8 88 
1 88 9 8 6 10 
1 2 88 4 6 9 10 5 7 
3 2 1 4 9 10 
1 2 6 10 8 4 9 
1 7 9 10 88 
6 8 9 10 1 2 4 5 88 
6 7 8 9 10 5 1 3 4 
6 5 7 88 10 1 2 3 4 
10 8 7 2 5 4 1 3 9 
7 6 8 9 10 1 2 4 3 5 
6 7 8 9 10 1 2 3 4 5 
6 7 8 9 10 88 3 2 5 
6 7 8 10 1 88 2 
8 9 10 6 1 2 5 4 
6 7 8 5 10 2 1 88 
6 88 8 9 10 
88 2 9 88 88 10 
7 8 10 9 1 2 88 4 
9 10 6 3 1 4 2 5 
7 8 9 10 88 2 3 4 5 6 
6 7 8 9 10 3 4 1 2 5 
9 1 10 2 5 8 6 7 
7 9 10 1 2 3 5 4 
6 7 9 8 10 1 2 3 5 
1 88 4 6 10 9 
3 2 1 88 6 88 9 88 88 8 
6 7 8 9 10 1 4 88 2 3 
6 7 8 9 10 1 5 3 4 2 
4 5 6 7 88 10 1 3 2 
6 7 8 9 10 88 3 5 1 
9 10 1 2 4 3 88 8 88 
7 8 9 10 88 2 3 5 6 
5 6 7 8 9 10 88 88 3 4 
6 8 9 10 1 2 
5 6 7 88 9 10 1 2 3 
9 10 88 8 1 2 
5 7 8 9 10 6 
8 9 10 1 6 2 4 
10 88 9 8 1 7 
10 7 9 6 1 2 
10 9 8 1 6 2 88 
10 9 3 1 88 8 7 
10 9 3 7 1 2 
10 9 4 2 6 88 5 
10 9 8 6 7 1 2 3 
10 9 6 2 4 3 1 5 
10 8 9 6 2 3 
10 9 7 88 2 
8 9 10 7 1 5 
10 9 8 7 6 1 2 4 
10 9 6 7 1 88 
10 9 8 5 6 1 2 4 
9 10 1 3 
10 8 9 1 7 3 
8 9 10 6 5 2 4 3 
9 10 6 5 8 
9 10 7 8 3 1 88 
10 8 9 1 2 
10 9 6 7 1 2 3 5 4 
10 8 7 1 2 4 
10 9 8 1 2 3 
9 10 8 7 6 1 2 3 4 
10 9 8 6 1 88 
10 9 3 1 6 4 88 
10 9 8 88 7 6 1 5 
10 8 7 9 1 3 4 6 
10 9 8 7 1 2 
10 9 6 5 8 1 3 
10 8 9 7 2 1 4 5 3 
10 9 7 5 88 1 2 3 8 
9 10 7 4 1 3 2 8 88 
10 9 8 5 6 1 2 7 
10 9 88 6 2 1 4 
8 9 10 6 3 7 2 1 5 
9 10 6 8 5 
10 9 88 4 2 1 3 
10 8 9 1 4 3 7 88 
9 10 8 7 6 1 2 3 4 
10 9 6 7 1 3 4 
10 9 8 1 88 6 
10 9 4 88 3 1 
9 10 1 2 5 6 7 88 
10 8 9 7 1 2 88 
10 9 7 1 2 
9 10 7 1 5 6 
8 9 10 1 
10 9 2 8 1 4 7 88 
10 9 7 6 3 
8 9 10 7 6 88 2 4 1 
7 8 9 1 5 6 2 
10 9 7 8 4 1 3 2 6 88 
9 10 8 6 1 2 3 88 
9 10 1 2 7 6 5 
8 9 10 3 4 5 7 
8 9 10 7 5 6 3 1 2 88 
9 10 7 8 5 6 2 1 
8 9 10 1 2 5 88 88 88 
9 10 8 3 5 4 
7 8 9 10 5 1 4 3 
9 10 7 1 2 8 6 
7 9 8 2 5 1 88 
7 8 9 10 5 3 1 2 
9 10 88 88 1 88 
9 10 2 4 5 1 8 3 
7 8 9 10 4 6 1 3 
8 9 10 5 6 1 3 2 
8 7 10 88 6 5 
4 9 10 6 88 1 88 
6 7 9 10 3 4 88 1 88 
8 9 88 3 5 
8 9 10 4 1 2 7 3 5 
8 9 10 7 6 88 
10 1 3 4 88 8 5 6 2 
6 7 8 9 1 5 88 
6 8 88 10 5 1 2 88 
7 9 10 6 5 88 88 
7 8 9 10 5 6 4 3 2 
7 8 10 1 2 4 5 88 
10 7 8 88 2 4 
9 3 10 2 8 4 1 
10 8 9 1 7 
10 9 6 1 2 8 
10 9 2 1 8 
8 9 10 6 1 
1 9 10 7 8 
10 6 8 1 2 9 
9 8 10 1 7 
8 9 10 3 2 1 
9 10 5 1 3 8 6 
9 10 7 1 3 
7 8 9 2 1 6 10 88 
9 10 1 2 8 
9 10 1 88 88 
7 8 9 10 1 88 
8 9 10 7 4 6 
88 4 10 3 1 
8 9 10 5 6 3 7 
8 9 10 1 5 6 7 88 
7 8 9 10 1 3 
10 6 1 7 9 
8 9 10 4 6 
7 8 9 10 1 
8 9 10 1 4 88 
9 10 5 1 7 2 4 
6 9 10 1 2 
6 10 7 8 9 2 4 
7 8 9 10 2 
6 10 9 1 3 
7 8 9 10 2 1 5 
1 7 9 10 88 
8 9 10 7 2 3 1 
7 8 9 10 88 4 
7 8 9 10 1 6 
7 8 9 10 1 3 2 
7 8 9 10 6 
7 88 9 10 4 2 3 
6 7 8 9 10 3 1 2 
6 7 9 1 10 4 3 
7 8 9 10 1 4 
7 8 88 10 6 
7 8 9 10 6 4 
7 9 10 6 1 
9 10 8 2 4 5 
7 8 9 10 2 4 1 
9 10 8 7 6 88 3 
7 8 9 10 6 88 
7 8 9 10 4 
6 7 8 88 10 5 2 3 4 1 
7 8 9 10 88 
7 8 9 10 5 6 88 2 88 
7 8 9 10 3 1 2 88 
7 8 9 10 6 88 
7 9 8 10 6 2 5 1 
7 8 9 10 4 5 1 88 
7 8 9 10 1 2 3 
7 8 9 10 1 5 6 
7 8 9 10 3 88 88 
7 8 10 9 88 
7 8 9 10 6 4 5 3 2 
7 88 9 10 1 
7 8 9 10 3 5 
7 9 10 8 2 5 1 
7 8 9 10 4 1 3 88 
7 8 9 10 2 3 5 
7 8 9 10 4 6 5 
6 7 8 9 10 2 4 88 
7 8 88 10 4 5 1 
7 8 9 10 1 6 88 
7 88 9 10 4 88 3 88 
6 7 88 10 9 
7 8 9 10 4 5 3 
7 8 9 10 6 1 2 4 
7 8 9 10 5 2 1 
7 8 9 10 6 4 5 1 
7 8 9 10 6 88 4 
5 8 9 10 4 3 88 
7 8 9 10 4 5 6 
8 9 10 3 1 6 88 
3 9 10 7 8 6 5 1 
10 9 8 7 6 2 
10 9 7 8 2 
10 9 8 1 5 2 88 7 
10 9 6 8 7 1 4 
10 8 9 5 1 2 
7 8 9 10 88 1 3 2 
10 9 8 4 5 7 6 1 3 2 
7 8 9 10 5 2 
10 8 9 7 6 4 88 2 1 
10 7 9 8 6 5 1 2 
10 9 6 7 1 3 88 
10 9 8 7 6 4 1 2 3 
10 9 7 4 5 1 2 
10 7 8 3 4 1 2 5 88 
10 9 8 6 1 7 4 5 
9 10 8 6 7 1 5 2 
10 7 8 4 3 1 6 
10 8 9 7 6 1 
10 7 9 8 5 6 2 1 3 
10 7 8 9 6 2 3 1 5 
10 9 7 6 5 4 2 1 
10 9 8 6 3 4 
10 9 8 7 6 1 2 3 5 
10 9 8 7 6 1 5 
10 9 88 8 1 6 7 5 
10 6 8 5 7 88 1 9 
10 8 6 88 7 
10 7 8 5 6 1 88 
10 8 9 7 3 5 4 1 
10 7 6 9 4 3 88 1 
10 9 5 88 88 1 2 
10 9 7 8 1 4 2 3 
10 9 8 7 1 88 5 3 
10 9 8 7 6 2 1 
10 9 88 7 1 2 
9 10 8 4 1 2 
10 9 88 6 7 5 3 4 1 2 
10 7 8 9 5 4 3 88 
10 9 7 6 88 4 1 2 
10 9 6 7 3 1 2 5 4 
10 9 6 7 3 2 4 5 1 
10 7 8 9 1 
10 6 7 9 1 2 3 
10 7 8 9 4 1 2 
10 9 6 7 88 1 2 88 4 5 
10 9 7 8 1 2 
10 8 9 7 6 1 
10 9 6 8 7 1 2 5 
10 9 7 6 5 1 4 
10 9 8 7 3 
10 9 8 6 5 1 
10 9 7 5 4 2 3 1 
10 8 9 6 7 3 5 4 1 
10 8 6 7 1 2 3 4 
9 10 6 3 4 7 
10 9 5 8 7 1 3 4 2 
9 10 7 8 6 5 88 2 3 
10 9 7 8 6 1 
10 9 8 7 88 1 88 3 
10 6 8 9 1 3 2 
10 9 7 1 6 3 
10 8 7 5 1 2 3 
10 9 5 7 2 1 4 3 
10 8 9 6 7 3 1 
10 9 88 6 7 5 3 2 
10 6 9 7 1 2 
10 9 7 8 2 3 
10 6 7 8 3 88 
10 9 8 7 5 
10 8 9 
10 9 7 6 5 4 1 
10 9 8 7 6 
9 10 8 7 
10 9 8 6 5 3 4 
10 9 8 7 6 4 5 1 2 
10 8 5 7 9 2 1 4 
10 7 9 6 1 88 5 4 
10 8 9 7 5 6 2 88 4 
10 8 7 9 6 2 5 4 3 
0 