20 19 13 18 1 9 2 17 16 88 
20 18 16 17 3 88 14 
17 18 8 20 15 14 1 2 19 
18 19 20 15 16 8 9 1 2 
18 19 20 17 12 11 13 88 
18 19 20 17 1 10 7 
19 20 18 11 17 1 2 
20 19 17 11 15 10 1 
19 20 88 5 17 1 
20 18 12 19 
20 19 18 1 2 88 9 10 
20 18 15 16 6 5 14 13 2 1 19 
20 19 6 17 5 88 1 2 88 
20 18 14 13 16 19 15 88 
20 18 19 17 1 16 88 
18 19 20 13 16 17 1 3 2 5 
18 19 17 16 20 1 3 8 9 
19 20 18 16 11 7 8 9 
18 17 16 15 19 20 12 1 
20 19 18 17 88 10 9 
20 18 19 2 1 9 12 13 
20 16 19 18 4 2 1 8 3 
17 18 19 20 1 9 3 4 
20 17 16 18 19 1 88 6 
20 17 19 18 88 11 12 10 4 6 
20 19 15 16 17 18 1 11 2 13 9 10 
17 18 19 20 1 88 16 7 
20 16 15 19 18 17 88 14 10 2 
20 16 17 18 13 14 5 
20 18 19 15 16 
17 18 19 20 11 
20 19 18 14 8 16 1 2 6 7 
16 17 18 19 20 10 15 1 2 6 88 
16 18 88 20 88 
17 18 88 20 9 12 10 88 
18 20 16 17 
19 18 20 13 2 3 4 9 1 11 12 
17 18 19 20 4 6 9 5 8 
88 16 18 14 19 20 10 12 
20 19 18 16 14 1 
16 19 18 20 13 14 2 1 11 88 4 3 
19 20 16 17 18 12 15 2 1 
16 15 17 20 8 88 18 1 5 3 7 
20 16 11 10 18 19 9 6 
19 20 16 88 1 9 88 
19 18 20 2 3 17 16 4 
19 20 17 18 16 12 13 11 
19 20 18 15 14 16 88 
18 19 20 17 1 
18 19 20 88 17 
20 15 16 18 19 1 5 6 4 9 10 
15 19 16 18 17 20 11 1 2 
19 20 18 17 4 3 5 2 1 12 
18 19 20 12 17 9 8 
18 17 19 20 1 2 16 88 3 4 
19 18 20 16 2 88 1 14 
17 18 19 20 12 10 9 
19 20 15 16 17 1 2 3 4 
18 16 19 20 14 2 1 17 4 5 3 
17 18 19 20 88 1 9 10 15 
18 19 20 17 4 10 11 13 1 9 2 14 
18 19 20 17 3 1 2 7 8 
17 19 20 14 12 
18 19 20 17 88 1 
16 18 19 20 1 3 12 11 5 6 
17 20 16 19 18 1 4 12 88 5 
18 19 20 17 1 2 
15 17 20 19 18 13 
19 20 18 88 15 7 88 8 4 
17 18 19 20 11 1 
15 16 17 18 20 19 5 
19 20 15 9 2 6 
15 17 18 19 16 9 6 7 
16 17 88 8 7 5 9 10 19 18 1 
17 18 19 20 1 
18 19 20 17 16 3 2 14 1 
17 18 19 88 20 15 
14 15 18 19 20 12 16 7 
18 19 20 17 9 8 5 2 
15 18 16 20 14 1 88 17 
1 20 18 13 4 6 7 16 
1 20 16 88 17 8 9 
20 19 8 15 18 
20 8 7 16 88 2 
20 19 17 12 1 88 9 88 
1 14 20 17 10 19 
20 1 19 3 2 88 
20 14 88 88 13 17 5 11 
20 18 19 17 2 3 88 88 
20 18 14 17 6 
1 2 20 19 8 9 10 18 7 
18 19 20 1 2 17 14 13 11 88 5 
17 18 19 20 16 1 2 
20 19 15 5 13 16 12 3 
20 16 17 19 
20 1 13 19 3 16 6 88 
1 18 20 19 8 11 12 17 2 
3 20 18 88 13 2 16 
20 19 17 18 5 7 6 
20 1 16 18 2 3 
1 20 18 88 10 8 12 88 5 6 
1 20 18 2 5 19 3 
1 9 10 5 4 9 14 3 88 
18 19 20 17 5 9 88 
17 19 20 1 2 10 
20 88 17 18 15 16 10 13 14 2 
1 5 20 14 15 10 19 
19 16 17 18 2 3 
16 17 18 19 20 5 1 2 3 
20 1 2 19 5 
20 19 15 11 13 4 
18 20 17 1 
20 18 19 14 1 13 
1 20 19 88 3 6 
20 19 88 17 18 5 12 
16 15 18 20 17 7 
20 13 1 88 88 2 18 
20 19 18 1 17 2 
20 19 14 17 15 2 
18 19 20 1 88 2 
1 20 13 18 3 2 8 9 
1 20 19 88 2 12 88 
19 20 17 3 10 13 1 
19 20 13 14 2 88 
17 18 19 20 15 6 1 5 
19 20 1 14 18 
20 18 17 19 2 11 1 15 10 88 
19 20 15 18 17 4 2 14 
17 18 19 20 10 3 13 2 88 5 
18 19 20 1 5 16 88 12 13 
17 18 88 20 8 6 1 2 3 
18 19 20 17 1 11 15 
19 20 88 2 1 13 9 11 
18 19 20 12 17 14 1 88 8 9 
18 19 20 12 1 11 2 88 
19 20 16 7 14 13 
17 18 15 16 19 20 12 8 88 
18 19 20 13 88 88 11 
16 19 20 8 11 88 
16 20 18 7 3 
19 20 7 1 5 4 8 17 
17 18 20 1 3 9 7 88 88 
14 16 17 19 20 9 5 7 3 2 
17 18 19 20 10 9 14 8 88 
17 18 19 20 11 9 12 1 4 2 
19 20 18 16 10 2 13 11 1 
18 19 20 17 1 13 12 11 5 6 2 4 
19 20 15 16 12 
88 19 20 1 2 4 10 3 
17 18 19 20 1 11 
15 16 17 19 20 3 9 
20 19 12 8 9 1 
17 18 19 9 6 
18 19 20 17 88 10 88 9 3 
17 18 19 20 11 8 
18 19 20 88 13 1 2 16 
19 18 15 20 14 
18 19 20 1 
19 20 88 16 3 2 4 10 88 88 
18 19 20 16 15 14 1 9 7 
1 19 20 88 6 4 
88 20 9 10 11 19 
11 18 20 19 12 
15 17 20 16 5 
15 16 17 20 19 
16 17 12 10 19 18 20 3 
16 15 17 18 20 1 2 19 
9 11 12 14 20 18 
20 2 17 18 15 16 10 
19 20 12 16 17 
18 88 20 19 10 16 11 
16 20 12 14 18 19 17 
7 14 19 20 18 
18 19 20 16 17 9 8 6 4 
16 17 19 20 88 12 
15 16 88 20 13 19 17 
16 17 19 20 18 8 
9 18 19 20 6 16 7 3 13 
13 5 15 19 20 17 12 
14 15 16 20 18 
17 20 18 19 15 88 
17 18 19 20 88 1 15 
8 9 20 10 9 8 6 
16 17 19 20 15 11 9 10 
15 17 2 19 20 18 
19 20 16 88 
11 17 19 20 13 14 7 
17 10 9 20 
19 20 18 2 14 
18 19 8 20 15 14 16 17 
20 17 19 16 3 
13 88 15 18 19 20 
17 18 19 20 14 
18 19 20 6 
19 20 18 17 
18 19 20 88 17 
17 18 19 20 13 88 11 12 2 
16 17 18 88 20 3 12 10 7 
14 18 20 19 16 
16 17 18 19 20 11 14 
14 12 13 1 20 18 2 
16 15 17 1 20 18 
18 19 20 16 15 14 
19 20 12 14 11 88 
10 19 20 17 14 
13 15 19 18 20 
17 18 19 20 7 6 8 9 
19 18 20 15 16 11 4 
17 19 20 16 5 4 88 10 18 
17 18 19 10 8 12 
14 16 17 20 3 13 
16 17 19 18 20 
13 16 20 19 17 
15 16 18 17 20 19 
18 20 19 7 88 
19 20 14 
17 19 20 18 9 10 
17 20 19 15 9 
19 20 88 16 
17 18 20 15 16 10 
20 19 13 16 11 1 
15 18 17 20 19 
19 20 8 12 9 
19 20 15 16 1 3 
15 18 20 19 1 2 
14 16 18 19 20 1 10 
16 19 20 13 14 10 12 11 
18 19 20 16 13 9 
17 19 20 18 
17 19 20 18 10 
17 19 20 18 3 
14 15 16 17 18 19 20 
13 15 14 18 20 16 
13 15 19 20 9 10 1 3 
18 19 20 11 1 
18 19 20 9 6 
14 15 17 18 19 20 6 11 
12 15 18 19 20 
18 19 20 11 1 4 
16 18 19 20 88 
17 88 8 12 15 20 18 19 
19 20 17 16 6 14 3 1 88 
19 20 15 12 8 17 7 
20 18 19 16 8 14 7 
18 19 20 17 4 
18 19 20 12 13 3 5 1 
20 18 19 17 11 6 7 15 14 
88 18 19 11 13 15 88 
20 19 18 2 88 17 12 13 14 1 4 
20 17 18 12 9 7 
18 19 88 88 12 1 2 
20 19 15 4 88 14 6 
20 16 18 19 88 
19 20 18 13 16 10 88 
20 19 2 3 1 18 17 5 10 
19 20 18 1 13 3 16 88 
20 19 18 88 88 11 
20 18 19 14 16 9 
20 19 17 16 88 6 15 14 
20 18 17 19 16 14 13 2 
1 3 18 19 20 6 12 4 9 
88 17 18 19 8 12 3 
9 14 19 17 20 
6 10 1 13 19 6 18 20 
11 18 19 20 88 6 17 2 10 
2 13 88 12 20 19 88 
10 18 17 19 20 13 7 16 
16 17 18 20 14 13 1 
16 17 18 19 20 5 7 15 
18 14 19 16 
17 18 19 20 3 5 8 
18 1 17 19 20 88 
1 17 18 16 20 7 88 88 11 
20 6 19 16 88 18 
15 16 17 19 9 11 20 1 
10 15 11 18 17 
1 2 3 88 18 19 20 16 
14 17 15 18 19 20 4 5 
14 18 20 19 12 88 
1 9 19 18 20 
1 2 88 17 18 20 19 
15 16 17 18 19 20 6 
11 5 7 16 18 17 19 20 
16 17 18 19 20 88 88 
1 5 17 9 10 19 20 18 4 
1 15 18 19 20 14 4 7 
18 11 19 20 16 2 
15 7 16 19 17 20 18 
10 11 17 19 20 8 5 4 
19 13 11 88 15 16 88 12 
1 88 20 13 18 
17 1 18 16 20 14 
11 12 88 7 8 10 19 20 18 88 
1 15 18 16 17 14 20 9 
16 17 1 2 3 20 19 88 
1 7 14 5 9 19 20 88 
88 14 15 17 20 12 
1 2 16 17 20 19 15 
16 19 14 20 12 
15 14 17 18 20 16 1 88 
4 2 14 16 17 20 
16 17 8 1 3 19 18 20 88 
3 20 18 19 2 13 12 14 
15 12 17 88 16 19 20 
88 12 13 19 88 20 
1 11 20 18 88 19 88 
17 2 18 19 20 13 15 
1 17 19 20 18 16 14 
88 16 19 18 17 20 12 8 10 88 
11 20 17 18 19 
14 15 16 17 19 20 6 5 4 
6 4 5 9 20 19 16 18 
88 17 8 88 14 88 19 20 9 
14 15 16 17 20 18 88 7 8 
11 12 15 18 19 88 20 88 
1 2 11 20 19 88 88 
12 13 14 20 18 6 4 
1 12 18 19 20 7 3 
20 2 88 88 15 1 9 
19 10 20 18 14 
20 19 1 6 10 88 15 
20 18 13 15 88 12 1 3 88 
20 19 88 88 15 12 7 18 1 88 
20 19 17 8 16 18 15 10 
20 16 19 17 9 88 12 88 8 88 
19 20 17 1 10 18 88 
20 19 18 17 8 9 11 
20 19 18 3 9 11 12 13 1 
20 18 19 2 88 17 
20 19 18 15 11 88 9 
20 19 16 88 8 1 2 
20 18 19 17 12 9 5 14 7 
20 18 19 15 13 9 88 
16 17 19 18 88 20 10 1 3 
16 17 18 19 20 88 
17 18 19 20 13 15 16 9 
18 16 88 19 20 88 
19 20 18 13 14 16 
17 18 19 20 4 5 88 
20 19 17 18 1 2 14 
18 19 20 17 12 7 10 9 
16 19 18 20 1 2 7 12 8 14 
17 18 19 20 9 1 2 5 11 
17 16 18 19 20 16 8 9 
17 18 19 20 6 2 5 
17 19 18 20 13 
17 18 19 20 16 14 15 10 
17 18 19 20 2 14 16 3 9 88 
16 19 18 20 5 9 14 
14 15 19 16 20 1 
17 18 19 20 16 11 3 10 88 
17 19 18 20 88 10 
18 19 17 20 7 
17 18 88 20 16 6 4 5 88 
17 18 88 20 19 88 
18 20 16 10 11 9 7 
18 17 19 20 13 14 11 12 
17 18 19 20 15 88 1 
17 18 19 20 14 16 7 
14 88 18 19 20 9 
17 18 19 20 14 13 4 11 2 
17 18 19 20 12 15 6 88 8 
17 18 19 20 7 8 
88 19 16 20 7 8 88 
18 19 20 10 11 15 88 7 4 5 
17 18 19 20 7 4 1 88 14 10 
17 18 19 20 1 2 88 
18 19 20 15 17 16 7 
18 19 20 88 5 17 88 3 
18 19 20 16 17 4 8 12 1 88 
17 18 19 20 88 6 
88 19 20 15 14 7 11 5 
17 16 20 15 10 9 11 1 5 
16 18 19 20 88 88 
18 17 19 20 1 3 
17 18 16 20 19 7 88 1 3 
19 20 18 17 88 
18 19 20 17 1 2 9 
19 18 14 20 11 14 
17 18 19 20 14 15 7 10 88 
17 18 19 20 7 1 10 11 88 2 4 14 
17 18 19 20 10 8 7 9 
17 18 19 20 14 7 5 88 
17 18 19 1 3 13 20 88 16 
18 19 20 88 11 12 9 
17 18 19 20 88 8 9 6 
18 19 20 17 1 2 3 16 13 15 
20 19 15 18 88 
18 19 20 16 17 88 
17 18 19 20 11 88 
15 16 17 19 18 20 6 
19 20 88 17 18 15 9 
17 18 19 20 16 2 4 
17 18 19 20 10 11 13 12 
17 18 19 20 11 12 14 15 
17 19 20 1 88 
17 18 19 20 15 14 
18 19 20 17 88 12 88 
18 19 20 17 88 
19 20 3 2 88 88 
20 18 19 88 1 88 2 13 8 12 15 
20 16 17 18 88 1 6 5 11 
20 19 88 17 15 18 14 12 11 
18 19 20 1 9 
19 20 88 17 15 1 13 88 
17 18 20 13 16 
17 18 19 88 12 
18 19 20 15 12 14 88 
16 19 20 1 2 88 3 10 
13 20 1 14 15 18 19 16 
20 18 19 14 1 2 8 10 15 
18 19 20 88 13 5 6 15 
18 19 20 6 13 14 1 5 
16 17 18 20 13 8 6 1 19 
16 17 18 19 20 4 11 
17 18 19 13 10 2 3 
19 20 18 5 88 7 8 
88 18 88 11 7 1 2 13 9 4 
14 19 20 15 17 9 5 
17 18 19 20 11 14 13 88 
20 18 19 9 2 3 7 12 8 
15 16 19 17 20 1 3 
19 20 12 13 14 3 11 9 6 
18 19 20 17 6 10 15 11 3 88 
19 20 17 18 88 2 
15 16 20 88 88 13 10 1 17 
15 2 18 19 20 10 13 4 16 1 3 
17 18 20 10 14 9 16 
18 19 20 14 2 15 16 17 1 
18 19 14 20 13 8 5 1 3 
15 16 17 18 19 11 1 3 2 20 88 5 
19 20 16 18 7 12 2 
16 17 18 19 20 14 88 
16 17 18 20 6 1 13 15 
15 14 17 18 20 12 10 
15 16 17 18 20 8 9 
18 17 19 20 15 88 88 
18 6 19 20 14 15 16 17 10 4 11 
18 16 19 20 14 10 88 88 
20 19 18 2 16 
20 19 11 18 10 5 1 2 14 
16 17 18 19 20 12 15 3 
19 20 18 3 11 7 10 9 1 
17 19 20 16 15 14 12 10 1 
16 17 18 19 20 7 88 
17 18 19 20 14 4 7 12 
17 18 19 20 10 2 8 7 1 
15 16 17 19 20 10 7 14 13 
18 19 20 1 16 4 11 5 
16 17 88 18 15 11 12 1 19 5 
17 18 20 16 3 6 88 9 10 1 
17 18 19 20 1 14 12 11 
18 19 20 16 17 13 15 7 8 10 4 3 
17 18 19 20 9 5 13 16 
19 88 20 88 11 10 13 
17 18 19 20 13 88 1 88 
88 20 18 11 12 7 15 14 4 1 
17 18 19 20 9 1 2 
14 15 18 16 19 20 4 6 8 
19 20 15 18 16 1 14 
17 18 19 20 11 13 88 5 4 14 2 1 
18 17 20 12 8 9 11 
18 19 20 17 88 2 1 3 88 88 7 
17 19 20 13 8 18 1 
18 19 20 11 1 2 6 
14 16 17 18 19 20 6 9 88 
18 20 17 14 1 4 13 15 19 6 
15 16 18 19 20 
18 19 20 17 12 1 15 
18 17 88 20 11 1 88 
18 19 20 16 17 13 
15 17 16 19 20 9 10 1 7 
14 15 16 18 19 2 7 8 
13 19 17 18 20 10 1 12 1 2 
19 88 17 14 2 1 11 13 7 88 
18 19 20 15 14 11 9 5 6 88 
14 88 16 17 18 20 88 
16 18 17 19 20 9 
88 14 17 20 88 1 5 88 
17 19 20 10 14 9 8 88 11 
20 19 1 3 10 15 
18 19 20 17 14 3 88 
18 19 20 4 8 9 1 2 13 
20 19 17 15 7 6 11 12 10 
20 19 17 15 12 9 10 1 
19 20 17 18 88 1 88 
20 19 17 88 11 1 
88 19 88 18 10 88 12 11 
88 19 20 10 2 5 
20 19 15 14 88 88 88 
20 19 1 2 17 10 8 
20 18 19 15 17 9 2 6 12 
20 19 18 17 1 16 5 4 
20 19 18 15 1 
20 19 88 17 88 11 
20 19 13 1 88 88 88 
19 20 17 18 88 88 17 88 
20 19 18 10 9 13 16 9 8 3 
20 19 17 13 9 88 88 
20 18 19 17 88 
88 18 88 20 9 2 7 11 12 13 3 88 
18 20 17 19 88 88 88 
20 17 18 19 1 2 
88 11 7 88 17 19 20 3 12 
88 2 88 15 17 6 20 88 
17 18 19 20 88 6 
1 19 20 10 17 88 88 88 
1 16 20 88 17 88 
88 17 18 19 88 88 1 
1 11 14 88 20 19 88 9 10 
11 88 88 20 1 88 10 9 
10 11 88 20 18 88 88 
1 6 9 13 19 20 88 88 88 
88 88 18 19 20 6 88 
1 5 88 19 88 88 
1 3 88 88 18 20 10 88 
1 88 10 11 12 19 20 88 
1 15 16 88 20 17 88 88 88 88 
17 18 19 20 88 88 
1 9 18 20 88 88 88 88 88 
1 5 19 20 4 88 16 88 
11 88 12 88 88 18 17 1 88 
1 4 17 3 88 18 20 
14 19 20 88 11 18 7 6 1 
20 88 19 17 1 10 88 
7 17 88 18 20 14 88 88 2 88 
88 14 18 20 1 15 
1 17 19 16 20 88 
4 5 19 20 18 17 88 
16 18 19 20 1 88 88 11 
1 2 18 88 20 88 
15 16 17 20 18 1 88 88 
3 88 20 19 88 15 88 88 88 
1 2 3 88 20 17 88 
1 2 4 3 19 20 88 88 88 
14 88 19 16 11 20 88 
88 20 18 88 16 88 
1 2 88 19 20 17 88 88 
1 19 17 18 88 14 20 88 
1 88 88 5 15 19 20 88 
1 2 13 20 17 14 15 88 
1 88 18 20 88 88 88 88 88 
18 19 20 88 88 88 3 1 2 
1 88 15 88 88 19 20 88 88 
88 88 18 20 6 88 1 2 88 
1 88 20 12 88 19 18 88 88 
2 88 13 19 20 17 88 88 88 
1 20 19 15 88 88 88 
15 88 20 4 88 12 88 88 88 
17 18 20 19 11 88 88 88 88 88 
88 88 88 18 20 88 88 88 88 
88 88 20 14 15 88 9 19 88 
88 9 88 88 88 20 88 88 88 88 88 
1 88 20 10 88 88 17 88 88 88 
1 2 11 20 19 88 88 88 88 
9 17 88 88 20 88 88 88 88 
1 17 19 18 20 88 88 88 88 
88 88 88 3 4 88 20 19 88 
1 88 88 20 2 88 88 88 
14 15 16 88 20 88 88 88 88 88 
20 19 4 13 15 16 
20 19 14 3 10 88 88 
20 19 3 11 16 12 1 
19 18 20 13 14 1 2 8 9 
20 19 18 17 3 6 2 
20 19 18 17 16 
20 19 15 17 18 5 9 
88 19 12 11 5 7 
17 88 19 20 88 2 
20 88 12 9 14 88 
19 20 88 18 2 1 9 10 
20 19 14 6 2 
17 20 19 16 6 5 10 88 
16 17 19 18 20 
19 20 15 17 88 
19 20 17 18 15 16 1 13 
19 20 18 17 16 88 88 8 88 88 88 
18 88 19 20 13 5 
17 18 19 20 88 
11 18 19 20 12 
20 18 19 12 13 7 88 1 
20 19 18 88 17 
19 20 88 9 88 
88 88 19 10 11 1 
20 16 17 6 2 15 5 
13 16 15 18 14 20 
20 88 19 10 11 12 
14 17 19 20 10 9 18 
17 16 18 19 20 5 3 1 
17 18 19 20 1 16 88 
18 19 20 17 11 7 9 2 
17 88 88 19 20 8 10 88 
18 19 20 17 7 2 1 88 14 
16 88 18 17 20 6 1 
20 17 16 19 2 1 3 
20 88 17 15 88 
17 18 19 20 13 88 11 12 10 
15 16 18 19 20 17 2 88 
19 20 18 16 88 10 14 
8 9 16 19 20 18 
17 88 19 20 11 88 5 88 88 
17 18 16 88 20 15 1 12 
16 17 18 19 20 88 11 8 88 
16 17 19 20 8 7 11 12 1 
16 17 88 19 20 1 
17 18 19 20 4 1 
17 18 19 20 8 88 88 2 
88 88 88 88 20 88 
18 19 20 17 10 4 88 88 
18 19 20 8 88 1 
17 18 88 20 6 16 
17 18 19 20 
17 88 19 20 3 88 88 
18 19 20 15 88 88 
19 20 15 16 1 12 
18 19 20 88 88 13 
18 19 20 14 12 88 9 
17 18 19 88 88 2 88 
15 88 18 14 19 20 
17 18 19 20 14 88 88 
17 18 19 20 4 11 88 14 
19 20 88 18 7 8 12 
18 19 20 14 13 12 
17 19 18 20 7 8 5 1 
16 18 17 20 11 3 5 88 
17 18 19 20 1 88 88 6 11 4 
17 18 19 20 1 
19 18 20 13 88 
15 17 19 20 
17 18 88 20 15 11 1 4 
20 19 12 5 6 
17 18 19 20 9 5 3 
15 16 19 20 8 88 
19 20 14 17 8 10 9 
15 16 17 19 20 1 
15 16 17 19 88 20 
17 18 19 20 14 13 9 
17 18 19 20 12 
17 18 19 20 9 2 13 
18 19 20 14 88 
19 20 12 15 14 13 3 7 1 17 
20 18 19 10 14 17 16 11 
17 18 19 12 1 2 3 9 8 
15 16 88 18 20 1 4 8 13 
20 18 19 6 9 10 8 4 5 1 
19 20 17 18 12 13 5 4 
18 19 20 17 3 14 15 13 11 88 
18 19 88 17 11 13 10 5 6 9 88 
17 18 19 20 10 88 1 2 
19 20 18 11 12 15 5 1 9 
16 17 18 19 20 1 88 15 14 6 9 8 
17 18 19 20 13 16 10 2 1 7 
88 19 20 16 88 6 7 1 15 4 5 
19 20 16 13 14 18 88 88 
18 19 20 15 16 17 1 2 
15 16 17 12 20 13 14 1 2 3 
19 20 18 17 88 12 11 1 5 9 88 
18 19 20 13 12 17 1 4 3 9 
17 18 19 20 9 13 4 5 
16 17 19 18 20 11 12 7 2 1 
16 17 18 19 20 12 13 6 5 8 9 10 3 88 
15 16 17 18 20 8 9 7 14 2 1 
17 18 19 20 16 9 4 3 
17 18 19 20 88 7 3 11 12 9 10 
17 18 19 20 88 5 14 2 15 11 10 
18 19 20 13 14 4 6 8 10 11 
17 18 19 20 11 10 1 2 7 
17 18 88 20 2 10 1 88 9 
18 16 20 15 13 14 5 
18 19 20 14 16 2 3 9 10 11 
18 19 20 11 10 2 3 
17 18 19 20 11 12 7 6 8 9 
17 18 19 20 13 6 1 16 15 7 
15 16 17 19 20 6 10 
14 15 16 19 10 9 12 11 8 88 
16 17 88 19 8 9 10 88 1 
15 16 17 18 19 20 11 12 1 3 88 88 
17 18 19 20 16 14 3 15 11 10 
13 14 16 18 19 20 
18 19 20 14 4 6 1 
17 18 19 20 1 3 4 7 8 2 6 5 9 16 
16 17 18 19 20 12 10 6 8 2 88 5 
19 20 16 17 18 7 2 8 15 1 6 11 12 13 
18 17 15 14 20 11 88 7 8 3 4 
18 19 20 16 4 10 1 15 88 9 
15 88 18 20 14 13 11 3 2 19 
17 18 19 20 8 7 11 88 14 16 3 
19 20 17 15 16 10 11 1 13 12 7 
16 17 19 20 5 4 1 13 2 6 8 7 
16 17 18 19 8 9 11 4 5 1 
17 18 19 20 16 1 9 
17 88 19 20 12 15 1 2 11 6 13 
19 20 88 15 17 3 2 13 
18 16 17 15 4 5 3 13 88 
18 19 20 5 1 16 
18 19 20 11 12 1 5 88 
15 16 17 88 88 7 10 9 12 
17 19 20 14 1 2 8 9 
17 16 19 20 10 12 14 15 88 7 8 88 5 4 
17 18 19 20 10 11 9 2 1 5 4 
17 18 19 20 88 9 10 11 1 2 13 14 
16 17 18 19 11 12 15 13 1 2 3 8 7 9 10 
18 19 20 1 2 3 4 5 16 14 9 12 
17 18 20 15 12 13 1 2 11 3 16 5 
15 16 88 20 3 13 1 2 
16 17 18 19 20 1 2 3 4 15 11 7 10 
18 19 17 20 1 13 5 6 88 11 15 
17 18 19 20 9 10 1 15 16 
17 18 19 20 1 2 15 11 88 88 13 
17 18 19 20 11 14 16 3 4 15 1 
16 17 18 19 20 14 1 88 9 8 3 88 
17 18 19 20 14 10 9 13 1 2 5 3 11 
15 16 20 88 
15 16 17 18 20 8 10 11 1 13 3 12 
17 18 19 20 14 11 1 
16 17 18 19 20 9 1 11 10 2 
19 20 16 17 18 11 10 1 3 2 
16 17 18 19 20 88 88 
18 19 20 17 16 88 13 3 11 9 10 
17 16 18 19 20 14 88 1 2 3 8 9 10 
1 12 88 19 20 10 
17 18 19 20 14 16 
16 17 19 20 15 1 13 14 3 4 
18 19 20 16 15 1 17 8 
88 19 20 13 12 17 4 
18 19 20 17 1 10 15 2 16 13 
15 17 16 18 7 20 11 2 14 1 
18 19 88 88 11 13 12 3 1 
18 19 20 12 88 5 2 88 10 
17 19 18 20 15 12 9 11 1 6 5 
11 20 19 7 10 1 2 3 9 
16 17 18 19 20 1 2 5 15 88 
14 18 16 19 20 6 5 1 2 88 88 8 
16 88 19 20 2 17 15 11 
16 17 19 20 88 
14 19 20 16 13 11 6 4 88 3 
18 19 20 11 88 13 1 5 88 
17 18 19 20 9 10 13 16 
19 20 18 17 5 4 3 
16 17 18 20 13 15 10 88 
18 19 20 12 16 8 1 9 14 4 88 
16 17 18 19 20 1 2 3 8 14 
17 18 19 20 9 13 
15 17 18 19 20 11 6 7 
17 18 19 20 6 88 2 10 12 
18 19 20 88 88 13 88 88 2 10 
17 18 19 20 10 2 88 5 3 1 
17 18 19 20 9 10 2 16 15 14 
18 19 20 9 16 17 15 13 
17 18 19 20 3 11 9 15 5 
17 18 19 20 11 3 14 1 
18 19 20 10 8 9 15 88 
16 17 18 19 20 15 1 6 
17 18 19 20 6 1 2 12 88 
17 19 18 20 10 9 13 2 14 
17 18 19 20 15 10 88 14 
17 18 19 20 13 11 12 14 88 10 
17 18 19 20 14 16 
18 19 20 15 12 14 
16 17 19 20 12 11 88 
18 19 20 10 12 17 13 2 1 3 11 14 7 
16 17 18 19 20 12 15 1 2 9 10 6 
16 17 19 18 20 13 9 3 11 
16 18 19 20 14 1 88 7 8 9 
17 18 19 20 16 14 15 1 4 
14 15 18 19 20 4 9 7 
14 15 17 18 20 1 2 11 12 4 5 13 
17 15 19 20 16 10 9 8 5 2 
18 19 20 17 4 5 6 9 10 
18 19 20 8 13 16 11 12 
17 18 19 20 7 88 3 13 
15 16 17 18 19 20 1 11 88 
18 19 20 15 13 10 9 11 12 7 5 2 4 3 
16 17 18 19 20 4 5 6 1 10 12 
16 17 18 19 20 
17 18 19 20 16 14 1 
17 18 19 20 1 14 3 2 
17 18 19 20 3 7 1 2 16 11 13 
17 19 20 16 14 15 5 4 2 13 88 
17 18 19 20 14 16 15 2 1 4 88 
16 17 18 19 20 88 14 8 4 5 11 2 
16 18 17 88 20 12 13 3 1 2 
14 17 18 19 20 6 12 7 15 1 3 
15 16 17 19 20 11 14 
16 18 17 19 20 5 6 4 3 11 12 7 
17 18 19 20 5 7 8 9 11 12 1 4 2 
20 17 18 19 15 10 13 
15 19 18 20 1 3 88 
15 18 17 20 4 5 16 
17 18 88 88 11 1 88 
15 16 17 19 20 6 10 5 88 2 3 88 
17 18 19 20 9 8 15 1 2 88 88 
17 18 19 20 8 9 7 
18 19 20 17 16 13 5 1 
17 18 20 15 11 14 
18 19 20 16 15 17 9 
17 18 19 20 7 6 10 11 1 
18 19 20 14 13 12 
18 19 20 9 88 10 16 2 5 17 14 
88 16 18 14 19 88 7 1 2 5 6 8 88 
18 10 13 15 19 6 20 
20 18 17 3 
19 20 11 13 
19 8 20 17 
20 19 17 18 11 
19 20 17 16 1 7 
18 20 19 17 88 5 1 
20 18 88 88 
20 19 88 17 10 88 88 
20 15 88 14 88 1 7 88 
20 19 9 10 1 2 18 17 
19 20 18 14 13 5 6 17 
20 18 19 13 12 4 1 
20 19 18 16 17 13 1 
20 19 88 15 88 7 9 
20 17 88 16 2 1 3 13 12 
20 18 19 16 3 88 
20 19 16 18 13 
20 18 19 17 5 
19 20 18 16 
18 19 20 16 5 9 4 8 
20 19 17 18 12 
19 18 17 20 14 11 
18 20 16 17 88 
20 18 88 88 1 2 10 
20 16 18 10 11 13 
20 19 18 17 10 1 2 4 
20 18 19 14 
19 20 17 16 15 1 
19 20 16 17 
20 19 18 3 88 
19 20 15 18 13 14 
19 20 17 14 
20 16 18 88 88 17 
20 18 
20 15 88 17 10 
20 17 13 12 11 
19 20 17 16 15 4 5 10 
20 19 18 14 
19 18 20 
20 88 18 12 13 11 
20 16 19 17 12 88 88 88 
20 19 17 11 5 3 15 
19 20 88 14 4 7 3 15 
20 19 88 15 17 10 9 88 4 5 
19 20 18 14 15 1 4 
18 20 19 2 1 
19 20 17 18 16 7 8 
17 19 20 11 13 1 5 4 8 
20 19 17 16 12 13 1 6 
19 17 20 88 10 
19 20 17 18 15 
20 18 19 2 1 5 13 14 
17 20 19 18 15 1 
20 18 19 10 12 
88 20 18 16 14 88 
20 19 11 7 8 88 4 
19 20 15 16 14 4 6 
20 18 17 19 88 88 
20 19 18 17 16 14 13 2 10 11 1 
20 19 17 18 4 5 14 1 2 
17 18 20 15 88 
20 19 18 11 88 2 1 3 
19 20 18 15 5 9 88 8 
20 19 18 1 2 
19 20 88 15 1 88 11 
20 19 17 11 1 2 3 7 12 
20 19 18 12 1 6 
19 20 18 4 3 
18 17 88 20 14 11 6 7 1 3 
20 19 17 14 13 5 6 
17 19 18 20 88 2 3 1 
20 18 11 9 2 4 
20 18 17 10 88 8 1 88 
20 18 19 7 
88 20 17 18 16 1 2 88 
19 18 17 20 6 12 13 
18 19 20 12 16 11 8 
88 20 8 14 15 9 
20 19 18 17 14 15 
20 18 12 13 88 88 15 88 
19 20 16 14 17 5 1 
20 15 7 8 88 13 
15 17 16 20 18 
19 10 13 20 3 
16 17 20 18 10 
20 17 18 19 11 88 1 
18 88 10 11 12 13 1 
18 19 20 1 2 88 
18 20 19 12 15 1 8 
20 19 17 18 1 9 10 
18 19 20 14 13 17 16 
20 19 1 88 88 
16 17 19 18 20 88 10 
20 19 17 1 9 
20 19 88 3 2 13 1 12 
18 19 20 12 13 1 88 5 
18 19 20 16 9 12 1 
88 1 14 19 18 20 17 1 
18 19 20 6 1 
18 88 20 12 9 1 88 8 
17 18 19 20 1 3 88 88 
18 19 20 14 1 9 
18 19 20 1 16 3 
17 19 20 18 88 2 
18 88 20 13 88 10 88 11 
17 19 18 20 10 12 
16 19 20 1 2 10 88 
1 19 20 
19 20 9 1 
17 18 19 20 11 88 7 
19 20 18 11 6 7 88 
19 17 20 1 2 
18 17 19 20 88 1 
19 14 17 20 88 3 2 
88 19 20 10 15 4 2 
17 18 19 20 13 11 12 1 
17 19 20 10 1 6 9 18 
14 15 16 18 20 88 11 88 
19 12 20 1 2 88 
16 17 18 20 11 3 6 88 2 
17 88 19 20 15 1 6 88 
16 88 88 20 11 7 
19 20 18 11 12 4 1 
19 20 9 7 88 13 1 
18 19 20 14 3 1 
18 19 20 15 11 88 13 7 8 
18 19 20 17 2 16 13 12 
15 16 19 20 17 4 5 8 1 
15 16 19 18 88 12 8 1 5 
17 19 20 13 1 88 6 3 
15 16 18 20 1 11 17 
88 15 16 20 88 3 
14 15 17 18 20 88 1 
16 17 19 15 20 1 2 4 88 
19 20 14 15 1 9 88 88 
18 19 20 14 1 2 12 8 
19 88 11 12 16 88 
17 18 19 20 1 12 14 
17 19 18 15 20 1 16 
17 18 20 6 4 14 1 
17 18 19 20 3 12 88 
17 18 19 20 14 1 3 12 9 13 
88 19 20 6 8 5 13 1 
88 17 19 20 11 12 1 
17 16 19 20 1 88 5 88 
16 17 19 20 88 6 
20 15 18 9 1 17 
17 18 20 19 1 10 
19 20 18 11 12 88 1 2 3 
16 17 19 20 1 
16 17 20 19 9 12 1 
19 20 11 8 7 88 2 
17 18 20 1 8 10 
15 20 17 19 88 1 11 
88 19 20 1 16 6 88 
17 18 19 20 6 1 88 
4 17 16 19 20 1 12 
18 88 20 1 2 
15 16 20 14 19 18 88 88 
1 3 18 19 20 88 11 13 
19 20 17 3 8 6 10 88 5 14 
4 8 19 12 88 18 
18 19 20 2 1 88 9 16 
20 19 16 12 17 6 3 
19 20 17 18 1 10 12 13 88 88 
19 18 20 17 3 88 1 11 
18 19 88 11 12 13 17 
18 19 20 2 10 88 1 
19 20 18 12 15 9 
20 19 18 10 88 88 2 13 
18 19 20 13 14 11 15 88 6 
18 19 20 1 14 16 15 88 
16 18 19 20 10 8 6 9 
17 18 19 20 1 3 
17 18 19 20 1 2 3 16 
18 19 17 20 16 9 8 88 
19 20 18 9 16 10 8 1 
1 19 20 16 17 5 88 
18 19 20 16 17 1 11 
18 19 20 16 13 12 3 2 9 10 5 
18 19 20 17 3 15 1 2 9 
17 18 19 20 11 9 
18 19 20 17 9 8 10 3 
18 17 19 20 2 3 6 14 
18 19 20 17 10 11 13 
88 18 19 20 10 4 5 1 2 13 
17 18 88 20 9 1 2 3 10 
18 19 20 16 17 5 3 2 88 
16 17 18 19 20 12 11 1 3 
16 18 17 19 20 7 2 1 3 
9 16 18 19 20 88 7 8 
17 18 19 20 6 7 16 15 
18 10 19 20 17 16 7 6 1 
17 18 19 20 9 10 7 
18 16 15 20 4 10 88 
15 19 20 18 9 10 11 12 13 
17 18 19 20 3 4 1 2 16 
16 18 19 20 9 14 15 1 2 
18 20 19 88 1 4 
17 16 19 18 20 10 88 12 1 2 9 8 3 
16 17 18 19 20 12 15 4 2 88 6 88 
16 17 19 20 18 1 7 3 88 
19 20 17 18 11 12 4 7 
16 17 20 19 10 11 2 5 4 
17 18 19 20 14 15 4 7 
17 18 19 20 2 3 10 9 
18 19 20 15 16 18 7 
17 18 19 20 2 1 
88 19 20 1 5 11 16 12 6 
17 19 20 18 88 10 
16 17 19 18 20 88 2 1 11 
19 18 20 5 15 1 2 3 13 
16 15 17 18 19 20 4 5 1 3 
17 18 19 20 10 6 5 
17 18 19 20 16 1 14 13 
17 18 19 20 13 14 
16 15 20 17 9 1 2 3 
88 18 19 15 20 10 7 8 14 
17 18 19 20 16 10 14 5 
18 19 20 17 5 4 1 2 14 
18 19 16 20 1 2 
17 18 20 19 7 9 12 1 2 3 14 
18 17 19 20 15 8 9 10 
17 18 19 20 3 2 1 4 
16 17 18 88 19 1 4 11 12 3 8 
18 19 20 17 14 13 15 1 3 4 2 
18 19 20 15 16 9 11 
17 18 19 20 9 10 1 4 
17 18 19 20 6 8 11 
17 19 20 88 12 14 5 9 10 1 
17 18 19 20 88 9 2 3 5 1 
18 19 20 11 13 14 12 10 
17 18 19 20 10 9 1 2 11 
17 18 19 20 11 10 14 
16 17 18 88 20 1 2 9 88 6 3 
17 18 19 20 14 13 15 6 
18 17 19 20 12 13 14 
18 19 20 17 9 10 14 13 5 2 
18 17 19 20 13 14 
20 1 3 6 15 88 11 
20 1 4 5 3 17 13 
14 20 15 17 19 16 5 2 88 88 
18 19 20 1 8 88 
1 4 20 19 2 15 12 88 
1 20 88 17 88 10 
14 15 18 20 17 19 
18 17 11 20 12 13 16 19 
1 2 3 6 5 20 19 88 
18 19 20 15 17 1 2 
19 20 2 8 1 11 18 13 88 
6 9 14 20 4 2 1 16 17 3 
2 1 20 5 16 
5 19 20 1 2 6 11 13 15 
19 20 16 17 88 5 12 4 
2 17 18 19 1 3 7 12 13 
3 88 13 16 17 88 8 6 5 4 
9 18 13 19 20 8 88 17 
1 88 19 20 17 18 88 
10 9 88 20 6 8 
1 2 3 9 20 88 
2 18 19 20 1 3 15 88 
1 9 20 19 88 
11 1 2 18 19 88 
16 15 1 5 20 
1 2 88 20 18 88 11 
2 5 3 20 1 14 
88 2 4 5 88 16 3 88 88 9 10 6 20 
2 5 16 15 20 18 88 
14 11 12 13 88 20 9 10 17 18 
1 3 2 5 4 7 17 16 20 
8 7 9 10 20 88 6 
1 3 10 12 11 13 19 20 16 2 4 88 
6 7 13 20 18 2 1 3 
10 12 13 88 88 20 17 
12 10 16 8 9 18 15 13 
9 10 88 13 19 17 20 
1 3 2 15 4 20 
14 11 19 20 18 
1 2 88 20 19 16 17 
1 3 2 11 20 19 10 88 18 
1 6 20 2 7 13 10 
1 17 18 20 7 2 5 
14 16 19 20 
1 7 4 2 17 20 
2 3 1 15 7 6 20 
1 2 3 14 15 16 18 88 19 
16 18 19 20 12 13 
1 4 5 8 88 17 18 19 20 15 16 
19 13 17 12 16 1 5 20 88 11 2 
6 10 17 18 16 1 4 2 88 
1 2 5 10 12 13 20 4 17 3 
5 7 11 12 10 9 16 17 15 20 
9 3 7 13 18 19 88 2 1 
5 2 3 4 6 17 16 20 88 
1 12 13 11 2 14 19 88 
1 2 17 12 15 13 18 14 
1 2 88 10 8 19 7 6 20 16 15 
7 8 14 19 18 20 5 4 6 88 
2 1 19 14 20 10 88 
17 18 19 20 1 11 13 3 
2 15 16 17 7 8 88 1 88 20 
9 12 13 15 17 18 88 8 3 1 5 11 
5 17 19 15 12 20 13 8 7 9 
17 18 20 12 17 88 8 6 
1 2 4 88 19 20 18 
1 17 20 18 13 15 11 12 5 16 2 
9 15 18 16 20 5 8 88 
1 4 2 17 15 19 88 
11 8 9 19 14 20 6 3 
1 2 5 6 14 13 17 20 3 
9 19 5 20 88 12 1 10 2 
3 6 8 14 18 19 1 2 
1 2 17 19 18 88 
1 2 3 11 12 18 19 20 15 
1 2 3 88 6 12 88 17 13 16 20 88 
88 1 88 20 6 15 12 14 3 8 4 5 
12 1 3 20 88 18 11 
1 2 9 10 18 17 16 20 
1 2 3 5 6 7 14 88 8 9 20 
1 88 19 18 20 88 
10 13 17 14 18 20 88 
18 19 20 15 8 12 
15 20 19 17 1 2 16 7 
18 19 20 17 6 12 
1 16 17 20 88 88 
1 2 17 19 88 88 11 18 13 
11 15 18 17 88 9 88 
18 19 20 17 2 
17 19 20 12 15 9 
15 88 19 20 10 
14 15 19 18 88 6 
14 13 19 18 20 16 
10 19 20 18 15 
16 19 20 18 88 88 88 
13 20 17 19 1 
8 19 20 18 17 88 1 88 88 
18 19 88 20 88 16 9 10 
19 20 16 4 88 88 
18 19 20 13 88 1 
18 19 20 12 8 
18 19 20 88 15 
19 20 88 16 
17 19 20 11 13 88 
17 19 20 5 88 
18 88 20 13 8 9 10 11 
17 18 19 20 10 88 13 
18 20 19 1 10 
16 17 15 19 20 88 
18 15 19 20 
16 88 19 20 11 1 7 
18 19 20 1 
1 6 7 19 20 
18 17 19 20 88 
10 17 18 88 88 
17 18 20 88 4 5 19 10 
19 20 11 12 13 18 
17 18 19 20 16 15 10 
15 18 16 19 20 
19 20 18 9 88 
18 19 20 12 2 5 1 4 
16 17 88 20 14 12 15 1 
19 20 18 16 15 11 13 
19 20 14 11 4 7 
19 18 20 15 88 
19 20 1 14 88 
17 18 19 20 2 9 
88 13 19 20 88 
16 17 19 20 12 13 88 6 
19 20 18 8 5 4 88 
15 17 20 88 88 
14 17 19 20 1 11 3 5 
88 3 17 19 20 13 12 
18 19 20 17 5 88 4 
88 16 19 20 
18 20 10 16 88 88 88 
88 20 19 14 9 4 12 5 
17 18 19 20 11 88 
18 19 20 10 11 1 
9 18 10 11 20 14 
17 88 19 20 15 9 13 11 4 
12 17 18 20 13 
18 19 20 88 17 16 88 88 
19 20 18 17 8 
88 18 19 20 5 
18 19 20 11 88 88 
13 18 17 20 19 2 
20 18 17 15 88 88 
18 19 20 17 88 
17 18 19 20 11 6 1 
19 20 14 17 6 3 88 
5 19 20 88 88 10 
17 88 19 20 88 88 10 7 
17 18 19 20 13 4 88 
17 19 18 20 11 10 
18 19 20 6 88 1 
18 19 20 14 6 
18 19 20 12 5 13 88 88 
18 19 20 17 88 
88 16 19 88 14 2 1 11 
