12 7 10 20 15 19 6 17 
19 20 18 10 14 11 15 88 
18 19 20 9 11 88 
19 88 17 10 6 5 
19 20 17 18 88 
16 17 18 19 15 8 12 13 
1 2 3 18 19 10 
16 18 17 19 20 15 14 13 
18 20 19 13 1 3 15 14 
18 19 20 1 14 5 11 
18 19 20 15 
20 19 10 11 13 1 
18 19 20 17 13 
19 20 18 88 88 
19 20 17 1 3 9 
1 2 3 4 19 20 88 17 
20 19 12 1 6 17 
20 18 19 15 
12 20 18 13 10 11 88 4 
19 20 18 15 16 88 
18 19 20 17 7 2 3 
20 19 17 18 8 7 88 15 88 88 
18 19 20 6 7 16 
17 20 18 13 6 
6 7 19 20 16 18 1 2 
20 18 19 12 6 13 5 7 
20 19 7 10 18 14 
20 14 15 17 18 12 3 
17 20 19 18 1 6 
20 19 17 5 4 88 7 16 
19 20 17 3 88 16 
12 11 10 20 19 17 14 5 
20 17 6 7 5 19 
19 20 7 6 9 4 18 
18 19 20 17 11 8 14 
20 18 17 19 6 11 10 
20 18 17 8 88 9 19 
19 20 18 15 8 7 3 1 2 
20 18 16 88 19 
20 19 88 2 7 1 5 88 
17 18 20 8 19 3 11 
18 19 20 14 17 88 
20 19 18 11 3 8 88 
15 16 17 19 20 8 18 9 
15 16 88 88 20 9 3 5 88 6 88 
18 17 19 20 13 12 14 
19 20 17 14 15 5 1 4 88 
19 20 18 14 15 88 2 10 
20 19 16 88 88 88 9 88 
88 19 18 17 16 88 1 3 12 88 
17 18 19 20 6 1 4 
88 18 19 88 88 
12 15 17 20 16 88 88 
18 19 20 7 9 5 10 
19 20 17 13 16 1 88 4 88 
17 15 20 18 14 11 19 
14 88 15 17 20 88 11 
88 19 18 16 2 11 9 88 10 8 
3 2 4 5 18 20 8 
17 19 20 16 14 8 4 2 15 6 
17 18 20 4 9 88 15 
20 18 15 17 6 11 16 88 
17 19 20 9 8 1 6 88 
17 18 19 20 6 14 7 88 88 
16 88 88 20 7 3 88 
19 20 16 13 14 1 6 7 
20 19 17 18 7 8 88 
18 19 20 9 10 17 16 88 15 88 
16 17 19 20 18 14 13 4 6 
19 20 18 88 9 12 11 
18 19 20 10 17 3 88 1 5 
17 14 15 18 19 20 3 9 6 88 
20 19 16 12 14 6 2 7 3 88 
16 18 15 19 20 88 7 4 
9 17 19 20 4 88 1 2 6 
17 18 19 20 14 13 88 11 8 
15 18 19 20 12 8 88 88 
16 17 19 20 14 13 3 2 1 88 88 
18 88 17 15 16 20 11 7 3 
18 20 19 17 16 88 1 3 88 4 
20 19 18 8 7 14 12 9 1 11 5 
20 19 16 18 6 7 11 12 1 88 
19 20 16 15 2 9 1 3 8 12 
20 18 17 12 13 11 10 6 1 2 5 
19 20 18 17 88 88 1 4 6 3 8 
17 19 20 18 14 13 10 8 
20 18 19 13 14 7 88 10 5 6 
19 20 17 18 14 16 11 15 10 
20 12 19 16 6 5 3 1 7 2 
2 19 20 1 15 16 7 8 6 11 10 
18 20 19 14 
18 19 20 17 4 16 9 6 8 10 12 
18 19 20 15 16 11 12 1 3 2 88 6 10 13 
15 16 17 19 20 18 6 12 8 7 1 3 
4 12 19 20 88 13 14 3 1 88 
19 18 20 12 13 14 15 
17 18 19 20 6 12 11 
17 18 19 20 11 4 9 10 
88 17 19 20 18 11 12 10 4 3 1 2 
16 18 15 17 20 1 5 3 6 88 
15 20 88 16 13 7 6 4 1 3 2 14 
20 18 19 2 1 5 13 12 3 8 
18 19 20 5 6 12 7 10 11 88 
88 18 19 20 6 7 8 9 10 4 3 1 2 
17 18 19 20 13 15 10 1 2 3 5 8 7 11 
15 14 18 16 19 88 11 5 7 1 3 6 12 8 13 
16 14 17 18 19 20 1 3 2 7 4 9 10 13 15 
17 19 20 16 15 14 13 12 5 4 2 3 18 
19 20 12 9 10 1 2 3 7 5 6 88 4 
16 19 20 17 7 6 4 8 1 5 13 14 
16 17 18 19 20 15 14 8 3 
19 20 11 13 14 2 4 3 5 15 
18 19 17 16 20 12 11 6 7 10 4 8 5 2 1 
13 17 18 19 20 9 8 10 1 2 3 5 6 12 14 
17 18 88 20 11 2 1 3 5 4 14 
17 18 19 20 13 6 10 9 16 14 11 1 3 7 12 
14 15 18 19 20 12 2 13 11 88 17 88 8 
16 17 18 19 20 1 7 2 8 6 11 9 12 
14 19 18 16 17 5 10 9 6 4 88 88 
16 19 18 17 20 8 2 1 88 88 5 6 7 12 4 
19 20 16 18 14 1 10 2 3 8 6 4 9 
17 19 18 20 1 3 4 12 16 10 6 7 
20 14 18 13 12 11 8 1 4 6 10 2 
17 16 15 88 20 5 1 2 3 8 7 10 6 18 
17 16 19 20 14 15 1 2 4 5 6 11 10 18 
18 19 17 20 1 12 13 7 6 8 9 10 2 3 
16 14 18 17 20 15 5 1 4 13 7 10 11 12 
16 18 19 17 20 12 15 
16 19 17 15 18 20 9 6 
15 16 18 19 20 1 3 2 88 6 11 12 8 88 88 
18 20 11 12 13 14 15 16 1 4 17 
15 18 16 17 19 20 4 6 8 5 
16 15 18 17 20 4 5 8 10 6 7 
17 14 19 18 20 1 2 3 4 
16 18 17 19 20 4 1 10 11 88 13 88 
9 17 18 20 19 10 14 13 11 1 2 3 5 88 6 
16 18 20 2 13 1 4 8 9 10 12 11 14 
17 18 19 20 13 12 88 3 2 6 88 8 88 
18 19 20 12 13 14 11 1 2 3 9 
18 19 20 1 3 2 6 7 8 11 88 13 12 16 
15 18 19 12 3 4 8 6 5 20 1 
16 14 17 15 18 19 20 1 2 5 6 10 11 9 8 
88 14 19 20 8 10 1 5 
17 18 19 20 6 5 7 15 14 12 
17 13 18 19 20 7 6 8 5 11 
17 19 18 20 9 8 4 6 2 1 14 13 12 3 
17 18 19 20 10 14 16 1 5 2 3 6 88 13 
18 19 20 16 15 17 13 10 9 11 1 88 
13 14 18 19 20 1 5 3 6 8 88 
19 17 18 20 13 16 15 12 1 2 3 5 
15 16 17 19 20 18 2 1 8 3 5 10 11 12 4 
19 20 18 13 14 15 16 1 3 12 9 10 6 7 
18 19 20 16 17 14 12 9 11 3 2 4 6 5 7 
16 88 19 20 2 1 4 7 88 10 3 
16 18 17 19 20 88 1 4 3 2 6 
13 15 14 19 18 20 17 10 11 1 5 2 4 
14 20 19 18 17 11 6 4 12 5 10 1 3 
18 19 20 1 2 3 4 5 6 7 10 12 14 15 13 
14 16 15 18 19 20 12 11 8 88 88 
15 18 17 19 20 14 13 9 10 3 6 8 
20 19 14 12 10 88 7 1 
19 20 88 15 16 88 88 88 88 
20 19 18 16 1 2 15 9 11 
20 19 18 88 17 10 11 2 1 16 15 88 
17 18 19 20 13 11 1 2 88 88 
17 18 19 20 8 13 12 88 
18 20 19 2 5 88 
17 18 88 20 16 88 1 
18 19 20 1 2 3 88 
20 19 16 17 18 1 2 5 7 10 
14 15 18 19 20 1 
20 18 19 6 11 1 2 4 
18 19 20 16 1 2 3 
16 17 18 19 20 6 4 88 5 
18 19 20 8 9 14 7 88 
18 19 20 2 6 7 11 12 10 
18 19 20 17 10 6 88 1 88 
18 19 17 20 4 5 9 11 15 16 
17 18 19 20 12 4 13 14 3 88 
18 19 20 1 15 16 9 10 11 12 88 
17 18 19 20 2 3 7 88 88 
18 19 20 6 12 5 15 88 14 3 9 88 
20 18 19 88 1 11 12 88 
15 18 19 20 3 4 13 14 88 
18 19 20 17 13 7 6 1 2 4 
18 19 20 88 88 3 5 88 7 6 8 13 
18 19 20 14 1 2 88 5 4 7 8 10 11 13 
16 17 18 19 20 11 10 9 88 88 88 88 5 8 88 
20 19 18 88 13 88 16 6 7 1 9 
17 18 19 20 1 4 13 12 14 16 
15 17 16 19 20 3 4 6 9 
17 15 18 19 20 88 88 14 6 1 3 4 5 
18 17 19 20 5 4 3 88 
16 17 18 19 20 2 4 5 12 14 15 16 8 7 
17 18 19 20 14 
17 19 20 88 2 88 6 10 9 11 12 13 14 
17 18 19 20 14 15 88 2 8 
18 19 20 11 7 8 9 2 1 14 88 
14 15 16 18 19 20 12 4 6 7 17 
16 18 17 20 1 2 3 7 88 88 6 
19 20 18 16 14 9 3 11 88 
17 18 19 20 12 13 14 15 4 3 
19 20 17 1 88 16 4 
18 19 20 16 17 14 15 8 88 9 
18 19 88 14 15 9 88 
88 17 88 20 1 12 13 14 88 
17 18 19 20 88 10 11 12 1 
18 19 20 14 2 
16 17 18 20 19 1 
88 18 19 20 14 
18 19 20 11 1 4 88 15 
19 20 17 8 88 10 
17 18 19 20 10 9 
19 20 17 88 88 3 5 88 7 8 9 10 88 
17 18 19 20 4 
18 19 20 17 
19 20 16 12 
14 15 16 17 19 20 18 
19 20 8 10 
17 19 20 16 18 7 8 2 
4 88 7 8 19 13 20 88 
16 88 19 20 11 
18 19 20 17 1 7 10 11 8 9 
18 19 20 10 7 
16 17 19 20 7 8 1 6 18 
1 2 6 7 19 18 20 88 
18 16 19 20 3 88 88 
16 17 18 19 11 88 9 88 
18 17 19 20 13 14 1 88 5 6 
18 19 20 11 12 13 15 2 3 6 1 
17 15 12 18 19 20 4 
17 18 19 20 13 14 88 88 88 1 2 3 4 88 
18 19 20 12 13 14 15 5 6 1 2 
13 14 15 16 17 18 19 20 4 3 
18 17 19 20 88 
88 5 6 12 13 10 88 18 20 
16 17 18 19 20 5 88 
19 20 1 2 3 11 88 13 14 
11 88 16 19 20 
17 18 19 20 1 6 7 9 88 11 12 
20 1 2 11 3 16 7 8 88 6 19 15 
20 19 4 6 3 11 14 88 17 7 1 2 
16 19 9 15 11 8 1 88 12 
19 20 14 13 16 10 1 17 88 6 2 88 
15 16 19 18 17 13 2 20 11 3 
17 18 19 20 1 12 2 16 
18 19 20 5 13 10 15 11 14 1 
16 17 18 19 20 14 13 
20 18 19 12 5 3 4 16 
16 17 18 19 20 10 11 1 7 8 6 5 88 
17 18 19 20 14 9 2 1 
18 19 20 15 6 17 2 14 13 
18 19 20 1 7 4 16 6 12 
20 19 18 2 8 17 6 10 9 12 
19 20 16 18 8 9 5 3 
19 20 17 18 1 6 9 7 14 16 
19 20 18 12 1 11 6 15 88 10 
18 19 20 7 1 4 2 5 
19 20 13 14 10 12 11 5 17 6 16 
18 19 20 6 15 16 12 3 
15 16 17 20 19 7 1 13 2 5 3 
18 19 20 16 7 88 8 1 5 2 6 
16 18 88 19 20 1 3 4 2 14 
18 19 20 15 8 4 12 13 16 10 6 1 5 3 
18 19 20 88 17 16 1 15 9 13 3 5 
14 15 16 19 20 11 8 12 13 
19 20 18 7 10 16 4 6 1 8 17 11 
15 16 17 18 19 20 13 3 4 7 14 12 
19 20 17 16 88 13 14 9 12 
13 14 17 10 20 4 88 
18 19 20 15 17 5 1 16 
15 16 18 88 13 12 11 10 3 16 
16 17 18 19 20 12 5 6 1 3 7 9 10 
18 19 20 17 16 11 8 2 1 3 4 9 10 5 
18 19 20 1 3 5 4 6 8 9 
15 16 17 18 19 20 11 10 4 
19 20 88 14 16 15 88 13 
18 19 20 7 9 2 3 1 6 8 15 5 
14 15 16 17 18 19 20 1 2 4 
16 17 18 20 3 5 2 6 12 1 
17 10 18 19 20 2 11 9 7 1 3 5 
18 19 20 17 13 3 4 1 16 5 7 
16 17 18 19 20 15 14 13 12 8 2 1 10 
15 16 17 18 19 20 8 9 3 5 
15 16 17 18 19 20 14 6 4 1 3 11 5 
14 15 16 17 20 12 88 1 2 4 18 9 6 8 7 
15 16 17 18 19 20 13 9 10 88 7 1 4 
16 17 18 19 20 14 1 2 
15 16 17 18 19 20 9 1 13 2 6 14 
15 16 18 19 20 10 11 13 1 12 
17 18 19 15 20 1 6 14 5 11 88 
15 16 88 20 12 
17 18 19 20 16 12 13 11 1 2 
13 14 19 20 17 18 7 8 5 1 2 
15 16 17 19 20 4 2 3 1 6 7 
17 18 19 20 16 14 12 10 11 8 
14 15 16 17 19 20 10 1 2 9 
16 17 18 19 20 3 2 5 88 6 88 13 88 
16 17 19 18 20 11 8 3 1 
17 18 20 16 12 2 1 3 8 
18 19 20 10 4 6 88 3 9 8 12 15 
14 15 17 18 20 8 6 2 5 88 7 
16 17 18 19 20 7 8 4 1 3 5 6 
18 19 20 16 7 14 15 12 3 
16 17 18 19 20 7 10 15 3 6 4 14 11 8 
15 16 17 18 19 20 14 6 12 13 5 4 
16 17 18 19 20 14 1 7 8 13 10 12 11 9 
16 17 18 19 20 14 10 1 6 88 88 5 
14 15 18 19 17 20 13 7 6 1 4 3 11 12 
16 17 18 19 20 12 13 10 1 
18 19 20 15 3 4 10 88 
17 18 19 20 15 13 9 10 1 12 5 3 7 8 
18 19 16 20 2 15 12 9 
16 17 18 19 20 4 7 6 13 3 
13 15 14 18 16 20 9 10 7 88 4 
15 16 17 18 19 20 11 10 13 14 
17 18 19 20 15 7 6 13 11 1 
16 17 19 20 8 11 2 1 
15 17 16 18 20 11 12 2 
14 88 18 17 19 20 7 6 4 3 5 
19 20 16 10 14 88 88 
11 14 12 18 19 16 7 17 
9 88 1 17 88 
19 88 14 88 17 13 1 2 
17 18 19 20 11 12 13 1 88 
19 20 10 88 6 88 88 15 1 3 
17 18 19 20 1 3 8 5 9 
16 18 19 20 17 14 5 88 88 
17 20 1 2 3 88 7 11 12 16 
18 19 20 5 2 88 6 8 9 13 88 
18 19 20 14 10 13 88 3 4 
20 88 17 10 11 1 6 88 
18 19 20 14 15 1 2 3 88 88 
15 16 19 17 20 1 6 8 11 10 
19 20 14 2 1 3 88 9 88 6 
19 20 15 14 13 
16 17 18 20 19 6 88 7 
17 18 88 20 1 2 4 6 88 
16 17 19 20 18 11 13 88 15 7 
18 19 20 1 88 15 12 17 88 6 
18 20 19 7 6 11 88 
18 19 20 9 88 5 
18 20 16 17 11 88 
19 15 20 13 16 11 3 88 
18 20 13 15 17 88 3 10 
18 19 20 11 6 12 13 5 3 88 88 
19 20 14 8 17 7 1 6 5 10 
19 20 16 15 17 1 2 3 
18 19 20 9 10 13 14 88 1 
17 18 20 4 6 88 88 13 15 12 
19 20 15 88 
17 20 15 5 3 
19 20 17 11 12 5 10 88 
18 19 20 12 14 6 17 
18 19 20 5 88 11 88 
17 18 19 20 88 2 4 5 6 10 88 12 
17 19 20 14 15 7 8 
15 18 19 20 1 88 
19 20 18 4 5 6 16 17 15 7 10 
18 19 20 14 16 88 2 
17 18 19 20 14 16 3 1 2 
20 19 17 1 5 12 18 3 4 
17 19 18 20 11 12 2 1 
16 19 18 20 5 2 8 9 18 10 
19 20 88 88 88 9 17 8 
88 18 17 19 20 6 7 8 13 1 3 
18 19 20 15 17 1 4 3 88 
18 19 20 11 12 88 
18 88 20 1 3 16 15 8 
88 16 19 11 12 14 88 18 
18 16 19 20 15 11 13 14 1 8 88 88 
15 19 20 2 
88 19 88 10 4 5 
20 19 17 18 1 2 88 6 8 7 
17 88 19 88 88 2 
18 17 20 1 2 88 88 10 11 14 88 88 
16 17 19 20 1 2 88 7 8 9 13 14 15 
17 18 19 20 9 6 88 2 1 5 88 14 
18 19 20 1 12 2 7 88 
18 19 20 16 14 88 10 2 3 8 1 
14 18 19 20 4 88 12 
17 14 18 19 6 9 8 15 16 88 12 
17 18 19 20 88 14 
17 18 19 20 16 15 7 1 2 3 
17 18 19 20 7 1 2 
19 20 16 17 18 12 13 1 2 10 
19 20 11 18 16 1 2 3 4 5 6 88 
19 20 13 17 1 88 88 
18 19 20 13 14 15 16 17 88 1 2 11 10 5 
17 18 20 19 15 16 14 12 88 
17 20 18 19 15 13 1 2 
18 19 20 17 14 15 1 9 10 3 2 
18 19 20 16 2 3 4 7 8 88 
19 2 8 10 12 13 3 88 88 
15 19 16 20 14 88 
15 19 20 88 10 11 9 12 13 88 
18 19 20 14 1 6 13 88 
19 20 16 15 13 14 1 2 3 10 6 4 88 
17 88 20 12 11 2 1 4 5 6 88 
17 18 19 20 6 88 14 1 88 88 
20 12 19 2 7 8 16 
7 20 10 17 4 88 
1 88 88 19 2 88 88 88 
1 6 88 20 10 13 16 
20 19 16 11 17 18 1 2 
20 6 3 18 19 13 4 
17 7 8 20 10 19 
19 20 88 6 9 18 88 1 
18 19 20 3 16 
18 19 20 1 5 10 7 
19 20 18 15 14 
15 16 17 18 20 6 1 
12 13 20 18 17 14 
17 18 19 20 6 1 
16 17 18 19 20 7 14 
20 19 18 6 8 9 7 
13 14 16 19 20 3 
17 16 19 18 20 
88 17 88 20 4 
19 18 20 12 15 88 
2 7 20 17 13 12 
18 19 20 3 2 88 15 5 
12 13 9 88 1 3 20 4 
7 8 13 20 9 10 88 
19 20 5 4 88 3 
14 15 16 17 20 5 6 13 12 
16 18 17 19 20 8 5 15 13 10 7 
13 20 19 15 14 18 1 
13 19 20 9 14 88 
13 19 20 10 
18 17 19 20 15 88 88 
18 8 19 9 17 16 88 20 
14 19 16 17 20 5 6 
88 14 18 12 11 88 13 88 16 7 8 
18 17 20 19 8 10 16 6 1 2 
17 19 18 16 20 
19 17 18 20 16 13 
20 19 2 1 4 3 7 8 11 
15 18 19 16 17 20 
9 11 20 1 2 88 88 
18 14 17 19 20 88 6 16 1 12 
15 20 17 19 18 88 
11 10 20 18 1 2 
18 20 17 19 3 11 7 8 
3 4 20 19 5 
14 15 17 18 20 12 1 
16 18 17 19 20 88 88 
14 20 19 88 8 12 
17 18 19 20 88 88 6 
5 18 14 19 20 
13 14 7 16 17 20 
13 88 16 19 17 20 88 1 2 
16 19 20 13 14 1 4 3 
16 17 88 19 20 10 17 
17 19 18 20 2 88 
12 3 11 20 18 
19 18 20 6 11 88 
13 12 14 19 11 20 
13 8 88 18 
16 14 13 15 20 
1 19 20 18 12 2 3 9 10 4 
18 19 20 1 2 6 5 
15 16 20 19 1 88 
18 19 20 3 88 12 4 8 
17 18 19 20 1 88 11 4 
1 14 10 18 19 20 12 13 6 8 5 
17 18 19 20 11 16 
16 17 19 18 20 88 3 5 88 88 
19 88 14 20 11 
4 12 17 88 2 20 19 13 16 
15 20 18 19 14 16 12 
17 18 20 19 16 1 9 88 4 12 
18 19 20 12 16 
88 17 19 20 3 7 4 2 1 
9 88 17 16 20 88 10 
17 19 11 20 13 14 7 
19 9 20 1 6 15 
16 17 18 20 19 3 2 1 
18 19 11 88 20 2 88 
15 14 17 16 20 1 19 
20 6 7 8 3 19 88 1 
20 19 12 11 13 1 3 17 
19 20 88 15 2 6 1 
17 19 18 20 15 10 13 14 
20 17 18 19 4 6 1 2 88 
17 18 16 19 20 88 2 7 
20 18 16 2 1 19 6 5 88 
19 18 20 6 14 15 17 5 16 
19 20 1 5 2 12 
19 20 16 18 7 2 5 1 88 
18 19 20 14 1 9 
16 17 19 20 1 4 6 
19 20 18 1 10 88 15 6 
20 19 18 8 11 13 12 1 
19 20 6 88 11 9 16 13 1 
19 20 18 2 11 5 
20 19 18 14 6 1 12 
16 17 19 18 20 88 
18 19 20 16 11 13 6 4 10 12 88 
18 19 20 12 15 
19 20 18 7 6 1 2 13 14 
18 19 20 16 13 12 5 6 
18 19 20 11 12 
17 18 88 20 6 2 
15 16 17 20 19 
18 20 19 88 6 12 13 5 88 10 8 7 11 
18 19 20 1 5 4 16 17 14 
17 18 19 20 8 7 14 12 3 88 
17 19 18 20 13 3 4 6 7 1 88 88 
19 20 13 14 4 2 5 12 88 88 7 
18 17 19 20 2 5 15 88 
88 16 18 19 20 14 3 4 88 88 15 10 
17 19 20 11 15 10 
18 17 20 16 88 14 2 1 88 12 9 
18 88 17 20 14 11 12 16 
17 18 20 19 1 14 15 2 88 
15 16 17 88 20 11 
17 19 18 20 2 88 3 11 
18 19 20 14 16 17 88 9 10 88 
17 18 19 20 13 1 2 7 6 8 14 9 
19 20 4 9 11 1 12 3 7 88 
18 19 20 17 
16 17 18 19 20 12 8 4 5 11 9 88 
16 17 18 19 20 6 15 7 10 8 
88 18 20 16 14 11 15 
18 88 17 20 13 6 88 12 
16 18 17 20 19 13 1 9 10 88 5 4 
88 88 17 18 20 14 88 7 
18 19 20 15 1 17 4 6 2 88 10 16 
88 16 18 17 19 20 11 12 6 8 15 14 
19 20 18 12 11 1 
15 16 14 20 17 5 8 4 6 88 
15 88 20 8 88 3 9 
15 16 18 20 19 17 5 10 88 11 1 
17 4 18 19 20 13 11 
16 18 20 15 19 
16 18 19 20 10 2 1 14 9 88 88 
19 18 88 16 15 11 13 
19 20 13 14 18 8 10 11 4 
18 20 7 19 1 16 
88 18 20 14 4 12 3 15 6 
14 17 18 19 20 7 8 6 9 1 4 10 5 
17 19 20 18 9 14 10 5 4 
16 88 18 20 88 5 7 14 9 4 
15 6 4 17 19 20 7 1 2 3 
16 19 20 1 14 10 6 13 2 15 
20 19 18 17 14 16 7 88 88 2 6 
14 15 20 19 17 12 18 10 
16 17 18 19 20 13 6 8 1 88 14 
19 88 17 18 20 12 11 
15 19 20 88 5 1 3 4 12 11 16 2 
18 19 20 2 88 17 1 9 10 3 15 14 
16 18 20 5 4 12 19 
15 16 17 20 3 19 4 
18 19 20 9 18 1 4 3 88 6 14 10 16 
16 17 18 88 20 1 10 14 13 
16 19 20 18 4 8 6 7 
16 17 19 20 15 2 3 1 4 18 5 
15 16 18 19 20 11 88 1 
17 13 14 18 19 20 8 15 1 
7 10 12 18 17 6 
15 20 19 11 12 13 17 18 10 
16 19 88 2 15 9 88 
17 18 19 20 5 13 16 1 6 
88 88 20 11 88 6 8 5 1 15 
19 20 18 12 14 6 
20 18 19 9 13 14 
20 18 19 14 17 5 
19 20 1 88 8 
2 19 20 18 5 4 14 
15 19 20 1 10 9 13 3 88 
15 16 17 20 19 1 4 7 
18 19 20 16 13 1 
16 19 20 11 12 6 17 
19 20 16 2 1 3 
17 18 19 20 88 1 16 88 14 15 9 10 
19 17 18 20 6 1 12 7 10 
18 19 20 9 12 
20 13 6 4 12 1 
18 19 20 12 15 
18 19 20 3 13 
18 20 19 16 15 5 1 14 9 
19 20 18 11 88 88 12 1 
15 19 20 16 5 
19 20 18 17 5 3 1 
18 19 20 5 1 2 
17 18 19 20 10 8 7 
88 17 19 20 9 10 1 7 
17 18 19 20 1 2 88 
18 19 20 17 18 13 88 14 4 
15 19 20 2 1 10 
88 18 20 3 4 
19 17 18 20 5 6 
17 18 20 19 4 14 2 
19 18 20 7 11 
18 19 20 13 1 4 6 10 11 5 
17 18 19 20 14 15 1 4 13 
20 18 19 7 11 88 
20 19 18 17 16 4 13 11 
19 18 20 8 11 1 2 
18 16 19 20 3 1 2 15 14 
19 20 18 17 4 3 16 88 15 
18 19 20 14 
16 17 19 20 3 8 9 10 11 
18 19 20 88 15 14 88 8 16 
17 88 20 1 88 12 18 
17 19 20 11 12 7 8 13 
88 19 20 2 4 11 14 16 15 6 
18 19 20 9 1 17 3 
20 18 17 16 11 12 8 6 1 
16 19 17 20 11 1 4 
15 18 19 20 5 88 88 1 7 8 13 14 
17 18 19 20 
88 7 8 5 18 19 20 88 88 
17 18 19 20 2 88 88 
17 18 19 20 10 14 
18 20 2 1 16 17 14 4 13 
18 19 20 2 6 7 88 14 
20 18 19 8 7 1 2 3 
17 18 19 20 7 14 15 16 11 12 
18 19 20 88 4 12 16 88 3 9 
16 17 14 18 20 6 7 15 10 11 
19 20 17 3 15 18 6 1 14 
9 18 20 14 7 
14 15 17 19 20 3 4 7 6 8 
18 19 20 6 3 88 88 17 1 14 
18 19 20 14 13 5 6 8 7 
18 19 20 88 15 16 17 
20 19 18 88 3 6 4 
17 18 19 20 6 3 12 
18 19 20 17 15 11 12 
17 16 20 19 18 9 7 1 15 
18 19 20 12 7 14 5 
16 18 19 20 6 7 10 11 12 
17 19 20 3 4 7 8 88 18 14 
19 20 17 18 13 14 88 2 
17 19 18 20 1 5 8 3 
19 20 15 16 17 4 3 8 
16 17 18 19 20 1 2 
19 20 18 88 88 6 
20 19 17 13 12 7 88 
20 19 17 15 11 88 88 
1 2 9 19 20 8 88 
17 19 10 20 2 1 14 15 
19 20 17 18 12 4 13 5 6 14 
13 15 18 16 20 12 8 1 
20 18 88 13 2 14 19 
19 20 11 12 18 13 88 14 88 
15 16 17 20 9 
18 19 20 5 2 1 11 10 
19 20 18 12 1 13 2 
15 19 20 6 2 4 9 10 1 
19 20 15 14 17 4 
19 20 12 14 6 8 18 
19 20 2 16 14 15 10 
19 20 3 9 88 17 1 
19 20 18 6 
18 19 20 10 11 7 4 
19 20 18 10 88 14 3 4 
19 20 12 1 4 18 
19 20 17 7 8 1 11 
18 19 20 17 5 1 15 88 
19 17 20 4 1 3 2 16 88 
17 16 20 15 6 11 10 
19 20 1 2 7 11 12 
15 16 17 19 18 20 88 
19 20 10 1 2 3 7 
17 19 20 15 16 2 5 4 3 8 9 
18 19 20 11 12 10 9 2 3 
19 20 10 4 5 13 7 
17 19 20 16 15 3 88 7 
88 20 19 18 13 12 16 
17 19 20 4 
88 20 1 2 4 3 88 14 12 88 
19 20 1 2 3 4 16 7 12 11 14 
16 18 20 1 2 3 4 6 10 12 13 11 
19 20 1 2 3 88 
16 17 19 18 20 1 2 7 
16 17 19 88 9 5 14 88 
14 16 20 19 2 1 88 6 15 88 
18 19 20 14 3 6 2 11 9 1 
17 19 20 18 9 1 4 16 
19 20 11 12 14 2 
16 13 14 15 19 20 8 7 3 
16 17 18 20 12 
18 19 20 2 1 12 10 11 
19 20 88 7 17 
19 20 11 13 6 7 88 
15 16 19 20 17 
15 17 18 19 20 14 
15 16 17 18 20 88 
19 20 17 16 15 10 88 4 
16 9 10 11 20 
7 8 9 88 19 20 5 
9 7 8 88 17 88 18 88 
18 19 20 1 88 2 3 10 11 
19 20 11 4 88 
16 17 18 19 20 2 9 8 1 
18 19 88 1 88 4 3 
9 17 16 20 7 6 8 2 1 3 4 
19 20 18 6 4 5 15 1 88 
16 17 18 19 20 9 11 14 15 1 
88 8 9 10 20 2 1 3 88 
17 18 19 20 12 9 10 88 
19 20 10 7 1 2 
12 13 4 2 5 88 20 
17 19 20 18 88 
19 20 14 16 17 2 88 88 3 7 
13 14 15 19 20 
18 19 20 12 11 13 88 
15 16 19 20 17 
15 16 17 18 1 88 2 3 9 88 
16 17 15 20 14 
1 3 19 2 20 88 15 
17 18 19 20 3 4 
19 18 20 11 88 10 13 12 
15 18 11 14 20 
13 12 88 14 19 
18 17 19 20 12 88 1 88 
88 19 20 18 17 3 10 11 
17 18 19 20 16 1 2 15 16 17 88 
18 19 20 88 15 4 14 88 
14 15 16 88 19 1 2 
88 13 17 20 19 15 88 
8 13 9 17 18 19 20 16 
13 14 15 18 20 19 8 1 2 16 
16 17 18 19 20 2 1 15 88 
18 19 20 1 2 3 17 
13 15 19 20 14 1 2 3 4 
14 88 17 18 19 20 1 2 
14 15 88 17 20 19 1 3 2 9 
16 17 18 19 20 1 2 3 4 6 
16 17 18 19 20 1 2 88 4 6 
16 18 17 19 20 1 2 88 4 
16 17 20 18 1 
15 16 17 19 20 88 1 2 3 9 18 
14 15 16 17 19 18 20 2 1 11 
88 14 18 19 20 1 88 88 
13 14 88 18 19 20 1 88 88 6 
14 15 16 18 19 20 3 2 5 4 1 
15 17 18 19 20 1 2 3 4 7 
16 18 19 20 10 1 2 3 4 5 
17 18 19 20 16 1 2 3 4 5 
17 18 19 20 15 4 3 5 1 2 
18 19 20 17 1 3 2 9 4 
18 19 20 17 2 5 1 3 4 16 
16 17 18 19 20 1 2 88 4 88 13 
17 18 19 20 15 3 2 1 5 88 
16 17 18 19 20 2 5 3 4 1 
15 16 17 18 20 88 4 1 88 5 2 88 14 
15 17 16 18 19 20 1 2 3 5 
20 17 19 18 15 1 3 2 88 5 
19 18 20 17 16 88 4 2 1 5 
15 12 17 20 19 1 2 3 5 4 
14 15 18 17 20 9 8 2 3 4 5 1 
17 18 19 20 5 2 1 12 3 
16 17 18 88 20 1 2 7 
18 19 20 13 1 2 5 4 14 
16 17 19 20 18 88 13 5 4 12 6 
16 17 19 20 14 1 2 5 3 4 
16 19 20 17 18 3 4 1 2 5 13 
17 20 18 10 5 3 4 1 16 
16 17 19 18 20 2 1 88 11 12 4 
16 17 18 19 20 11 1 2 3 5 4 15 
15 16 18 19 20 17 1 2 3 5 4 11 10 
10 88 19 20 88 15 1 3 2 88 
16 17 14 19 20 8 1 2 3 4 5 
88 13 14 16 19 20 1 88 4 5 3 88 
88 19 20 2 15 5 1 88 
88 14 15 19 20 18 88 3 2 1 
15 16 17 18 20 19 4 1 88 3 13 7 2 
13 14 88 17 19 20 18 3 5 1 
18 19 20 17 12 88 4 
13 12 14 19 20 4 3 2 5 88 
16 17 18 20 19 8 5 88 4 1 3 
11 12 18 19 88 1 2 4 3 
18 14 17 19 20 16 12 2 1 3 
18 19 20 17 14 4 3 88 2 5 88 
88 18 19 20 4 5 88 3 2 14 
15 16 18 19 20 10 9 8 7 6 88 3 4 2 
12 13 88 16 20 19 4 2 1 3 5 
16 17 18 19 20 12 88 15 5 4 3 1 
16 17 18 19 20 14 2 1 5 4 8 
14 15 16 17 18 19 20 2 4 7 
14 15 16 17 19 18 20 4 8 5 2 3 
20 19 18 88 17 7 88 3 
88 18 19 20 11 13 88 3 88 5 
9 10 11 12 88 18 19 20 2 
88 15 17 18 19 20 4 2 1 88 5 
88 9 12 88 17 10 19 20 
15 88 19 20 17 5 1 2 
88 15 16 19 18 20 2 1 5 4 9 8 10 11 
16 19 18 20 12 10 13 11 2 1 3 4 
11 15 18 19 88 12 13 10 1 4 2 3 5 
14 15 16 19 20 18 8 7 6 2 1 3 4 
13 15 16 18 19 20 8 7 9 10 1 
88 14 17 88 18 20 9 5 19 
12 17 18 88 88 15 6 88 9 1 3 2 5 
13 15 16 1 19 9 8 11 88 1 4 2 3 
14 16 17 19 20 7 9 88 10 3 2 1 4 
10 20 5 7 8 2 13 4 88 3 
19 20 15 7 18 17 
19 9 16 1 2 13 20 18 
18 20 19 17 10 1 
18 20 9 2 1 
19 20 12 13 14 88 
18 19 20 1 9 14 88 2 
20 18 19 14 17 
88 20 17 5 7 9 
16 17 18 19 20 1 12 13 
19 20 18 15 2 1 
19 18 20 6 15 2 4 1 
18 19 20 14 6 15 88 
19 20 17 6 7 
16 17 19 20 
19 20 3 88 88 
10 15 20 19 18 12 6 16 
19 4 11 20 9 10 
10 19 18 14 20 8 13 
19 20 3 12 15 18 
20 19 4 11 7 17 15 13 
19 20 18 8 11 12 2 1 16 9 
16 18 20 1 4 2 12 
19 20 4 88 88 3 14 12 
20 18 17 1 4 5 16 
19 88 6 12 13 8 2 5 7 88 
11 18 20 19 2 88 10 1 14 8 
18 19 20 15 10 9 3 
18 20 17 13 12 9 
20 19 17 10 11 4 1 
19 20 15 3 4 18 
20 19 17 88 15 1 88 
19 20 17 12 5 7 4 
88 17 18 16 2 4 10 88 
17 20 18 11 8 7 4 5 
17 14 16 20 19 1 3 15 6 10 12 
20 14 19 5 
13 88 20 19 18 88 15 
18 19 20 16 17 15 13 11 10 
19 20 16 4 9 12 
18 19 20 3 88 16 2 
19 17 20 88 88 88 
19 20 18 88 8 10 
19 20 15 
1 2 20 17 88 11 
18 20 19 15 
20 19 18 17 88 10 5 1 4 
20 18 19 88 1 
5 88 20 16 15 13 
20 19 18 88 1 
20 19 18 13 14 11 1 4 
20 18 19 15 8 9 10 
19 20 8 16 15 12 88 
20 19 88 17 5 16 
19 20 17 4 
19 20 14 16 15 1 12 
20 17 11 9 2 1 4 
20 18 19 2 11 10 88 13 
20 19 12 88 15 7 1 
18 19 2 16 7 4 8 15 
20 19 18 1 2 14 7 12 4 15 
20 17 19 18 11 2 9 10 7 3 
19 18 20 14 15 9 7 6 
19 17 20 10 4 12 7 
19 20 18 17 8 7 1 2 
9 20 16 6 7 1 
20 19 8 7 11 12 10 9 
18 19 20 
18 17 19 20 4 
20 19 18 17 3 9 10 
20 19 15 5 88 10 9 
20 19 18 17 4 9 1 10 
20 18 19 12 11 5 6 
20 19 88 11 
19 20 16 88 
19 20 18 17 13 14 12 
16 17 19 20 5 1 
19 20 18 13 
18 20 1 4 9 88 12 11 
20 19 17 18 12 11 10 9 
1 3 18 19 20 10 11 8 7 12 
20 1 19 18 15 
1 88 88 18 19 20 6 2 
1 3 88 4 19 88 
1 4 11 88 19 20 6 
1 3 88 4 19 20 12 13 
5 6 7 8 19 1 2 
5 6 88 8 20 18 19 14 
5 6 88 8 20 88 
7 8 9 10 19 20 
1 2 3 4 5 20 
1 2 3 10 19 18 15 
2 88 4 5 19 20 88 1 
1 2 3 4 19 20 
1 2 3 11 19 20 88 7 88 
5 6 7 8 19 20 13 12 9 1 4 
7 8 9 10 20 19 6 
6 7 88 9 20 5 4 10 11 
9 10 11 12 19 18 20 
1 3 2 20 88 14 88 
1 2 3 4 19 20 
18 19 20 1 2 88 
18 19 20 11 13 1 2 3 6 16 
5 1 19 20 18 4 7 88 
1 6 3 2 18 7 5 10 12 
19 20 18 2 5 11 1 3 4 17 
4 3 1 2 5 6 7 10 88 20 13 
1 5 4 2 88 9 10 15 20 12 6 
1 2 3 5 6 4 88 20 19 
1 2 19 20 17 18 4 
17 18 19 20 14 15 
19 18 20 17 3 8 
2 1 3 4 5 88 12 20 88 7 11 17 
1 88 4 9 19 20 6 12 
2 1 3 4 5 8 14 7 20 19 
1 2 18 19 20 
8 9 88 11 88 20 3 2 14 88 
7 1 3 18 19 20 
10 13 14 15 16 17 18 88 
1 2 3 4 88 19 20 16 88 8 
19 20 18 88 4 1 7 3 
17 18 19 20 1 88 
8 11 10 88 20 1 6 7 2 
1 2 3 6 19 20 18 88 
17 18 19 20 4 5 
5 6 7 8 17 20 18 
1 3 2 4 19 20 88 10 12 
8 9 11 10 12 18 20 
1 16 15 17 20 18 12 9 
14 15 16 17 20 18 8 88 88 3 
4 88 5 6 2 19 20 15 1 
1 2 3 5 18 20 19 
1 2 3 4 19 20 12 88 
1 2 88 88 19 20 10 
1 3 19 20 17 18 88 
1 88 10 17 16 20 19 14 
1 2 3 4 17 88 20 
1 2 18 19 20 88 88 88 
1 2 3 5 19 20 
2 3 19 20 17 16 4 
1 2 3 4 15 19 20 
18 19 20 1 2 4 5 6 3 
19 20 6 5 88 1 
14 15 18 19 20 1 4 5 6 7 88 
16 17 18 19 20 2 1 3 7 8 4 
19 15 16 18 20 1 2 3 6 88 14 
14 15 16 17 18 20 8 5 6 2 
17 18 19 20 88 16 88 
8 9 10 88 12 6 3 17 
5 6 7 8 12 88 
6 7 8 9 19 20 88 12 10 
5 1 3 88 2 19 20 4 
5 12 13 14 15 19 20 88 2 88 16 4 88 
88 7 88 19 20 
11 13 19 20 
1 2 3 88 19 88 13 
14 15 16 17 18 
19 20 1 3 2 5 4 
20 19 11 88 1 88 4 
1 2 3 88 20 6 9 88 
14 18 15 20 7 8 12 4 88 5 10 
18 19 20 17 7 5 11 1 
2 9 6 7 19 18 1 10 14 13 15 8 
10 11 12 20 2 6 17 18 7 1 
17 18 11 12 13 14 16 4 5 6 2 1 10 9 7 
16 17 18 19 20 10 9 12 13 88 
18 19 20 10 5 11 1 
15 16 17 18 88 5 6 14 
18 19 13 20 1 2 3 14 
19 20 2 16 88 18 1 5 7 6 8 10 12 
15 16 17 18 19 20 1 
18 19 20 16 1 6 15 
19 20 15 9 
19 20 16 17 15 18 14 1 8 6 
14 16 18 19 20 1 3 7 10 9 8 
17 18 19 20 12 2 1 3 7 5 13 14 
19 20 18 16 14 6 9 10 11 1 12 2 4 
19 20 18 4 5 
18 19 20 10 9 11 12 17 1 88 
18 19 20 15 16 88 12 3 14 8 
18 19 20 7 8 16 1 5 2 14 3 
19 20 18 15 9 1 5 88 6 3 12 8 
16 17 20 18 2 1 3 6 7 
18 19 20 1 2 3 4 5 6 17 16 
16 17 19 20 3 4 5 8 7 13 14 15 1 2 
18 19 20 5 9 4 3 6 12 1 2 13 
19 20 18 9 10 13 1 2 4 5 8 15 
17 18 19 20 10 12 7 3 4 6 15 16 8 
19 18 20 4 5 2 6 10 11 1 
17 18 19 20 1 5 4 6 
16 19 20 15 10 11 4 3 
18 88 19 20 2 
17 18 19 20 88 7 4 3 5 
88 17 14 88 16 1 2 13 12 6 4 88 
18 19 20 11 12 5 4 2 1 3 
17 18 88 20 1 2 88 6 13 12 4 
20 19 2 4 3 7 8 11 15 
18 19 20 13 5 1 2 6 
18 19 20 88 16 17 4 2 6 7 
17 18 88 20 3 4 1 2 5 6 
17 19 18 20 16 14 3 1 6 88 11 7 9 
19 20 17 15 14 18 1 6 7 4 3 5 
19 20 17 18 11 10 8 9 7 88 4 
18 19 20 13 1 2 4 3 
17 18 88 20 1 3 4 5 9 
15 88 19 16 20 13 14 88 88 12 7 6 8 88 2 
19 20 13 14 17 1 4 5 6 9 10 11 12 
19 20 13 14 1 2 3 
17 18 19 20 16 15 88 8 9 1 5 2 88 3 
19 20 18 14 15 4 1 3 7 
18 19 20 17 8 11 10 4 1 2 
17 15 19 18 20 1 2 8 3 4 6 
16 17 18 19 20 8 9 12 
88 19 20 14 15 10 12 3 2 7 8 
17 18 19 20 2 1 3 4 7 11 12 13 
15 17 18 19 20 3 88 4 16 14 
16 17 18 19 20 8 1 2 4 3 14 
16 17 5 19 88 18 2 5 88 
13 14 18 20 7 8 1 
18 19 20 16 14 7 4 1 2 3 6 8 
18 20 19 4 1 5 2 3 8 11 12 
18 19 20 1 2 5 3 4 6 7 17 14 
17 18 19 20 1 2 3 4 8 15 14 
13 15 18 19 20 11 12 3 1 6 7 88 
16 19 20 14 17 1 2 3 4 8 11 10 7 
17 19 20 18 3 4 6 14 11 1 2 
18 20 19 13 14 16 1 3 5 6 
18 19 20 17 16 88 12 1 2 7 8 
18 19 20 14 15 6 88 8 11 12 1 3 4 5 17 
19 20 18 13 14 7 6 12 16 15 1 3 2 8 
15 16 17 18 20 1 2 3 88 5 12 88 14 
17 18 19 20 1 2 9 10 14 13 12 11 3 
15 16 19 20 8 7 2 3 1 4 12 13 
15 88 88 20 19 4 8 7 88 
1 19 17 18 20 3 4 6 
88 20 18 13 14 10 11 2 1 3 4 5 88 
18 19 20 17 2 3 14 4 6 7 5 8 88 
19 20 15 16 17 14 88 2 3 4 5 
18 19 20 15 16 11 12 8 88 2 3 
16 17 18 19 20 12 8 1 3 2 6 
20 19 5 8 7 6 1 2 
17 18 19 20 11 1 88 3 14 
18 19 88 17 16 15 14 2 9 11 6 88 
20 19 17 16 18 13 2 1 
20 18 16 19 17 11 6 1 2 
19 20 17 18 15 11 1 6 88 
20 15 16 18 17 12 1 19 
20 17 16 18 88 6 1 19 8 
18 19 20 3 6 1 88 
17 18 19 20 10 9 88 7 5 8 6 
20 19 18 16 17 3 1 2 14 
14 15 18 19 88 8 6 3 1 
12 11 15 20 19 3 1 
20 17 18 19 8 6 11 
16 17 18 19 20 9 14 1 3 6 
18 19 20 17 7 12 6 9 5 
88 88 18 19 20 13 1 10 
19 20 18 17 11 4 5 
19 20 18 17 10 4 5 7 1 88 
18 19 20 15 12 11 1 2 3 8 
20 18 17 13 8 11 7 1 2 3 88 
20 18 19 17 14 8 1 5 88 15 
20 13 18 6 4 11 5 88 
16 17 18 88 15 14 13 3 88 
16 17 19 18 20 8 1 2 10 
88 15 16 17 18 19 12 6 8 5 1 2 7 11 
20 14 15 17 18 16 7 2 88 
17 18 19 20 15 14 13 3 88 1 
20 18 13 10 9 88 
17 18 19 20 13 12 1 5 
16 19 20 18 13 1 
12 13 16 88 3 
12 19 15 20 5 11 16 
14 15 17 18 20 4 7 11 2 3 
14 15 19 18 17 20 11 7 8 
19 20 15 17 14 5 6 10 11 
14 15 17 18 19 88 2 7 11 
15 17 18 19 20 2 1 3 7 8 
12 14 15 16 17 19 18 88 7 10 
16 14 18 19 20 5 3 2 1 10 12 
14 15 18 17 20 7 9 11 3 1 
13 14 15 17 19 18 4 88 12 
12 13 14 18 16 20 1 19 
13 14 15 19 20 8 1 6 
12 13 14 19 8 16 9 3 5 1 
88 17 18 19 20 12 1 6 11 
16 17 18 19 20 15 9 7 10 1 2 
13 15 16 14 19 20 9 12 3 1 
20 17 14 16 1 4 6 15 
16 17 18 20 19 14 
10 11 12 88 20 88 18 
13 15 19 20 4 3 6 5 8 12 
14 15 16 18 17 19 5 2 
14 15 16 19 17 88 10 3 7 8 
11 12 19 20 88 
15 16 19 88 88 14 12 11 2 
13 14 16 18 20 6 9 88 
14 15 16 17 18 19 12 11 2 6 5 4 
13 14 16 15 18 88 8 7 
15 16 17 18 19 20 8 1 4 2 6 
14 15 18 19 20 4 3 1 2 7 
15 17 18 19 20 3 9 8 7 11 
17 18 19 20 3 88 1 10 
12 13 17 14 88 20 88 88 
10 12 11 14 20 7 88 
13 14 15 88 17 19 1 4 16 
13 14 15 88 17 88 20 11 88 6 1 
12 14 19 20 15 16 9 4 1 88 
17 19 20 10 11 14 15 8 
13 17 18 19 16 15 20 6 7 1 12 
16 17 88 15 19 20 10 
14 17 18 16 19 20 4 1 9 2 88 
13 15 14 16 20 5 2 
11 16 88 13 19 20 3 2 4 
11 12 13 19 20 
14 17 15 19 20 13 8 4 12 
14 16 18 17 19 20 11 
16 13 14 15 20 1 2 88 4 6 88 
18 19 20 10 11 15 12 16 88 4 
15 17 19 20 9 10 11 1 3 4 
19 20 17 6 3 88 4 7 8 18 13 14 1 2 
20 16 19 15 11 9 14 18 12 10 7 2 1 
20 18 19 88 5 14 9 15 11 2 6 7 1 88 17 
20 19 17 14 13 12 11 1 18 
20 19 16 13 15 11 12 17 18 4 6 1 3 2 
20 19 18 15 12 13 11 9 88 1 2 4 8 
20 18 19 17 16 13 2 1 5 4 9 11 14 10 12 
20 18 19 17 14 2 9 5 16 1 15 10 
20 18 13 14 6 12 11 9 2 4 3 1 16 88 
18 19 20 2 7 8 6 12 11 3 1 15 9 13 
20 15 18 14 19 12 16 9 10 8 1 2 3 
18 19 20 88 17 6 4 10 1 12 13 7 2 
19 18 17 20 1 10 15 11 9 16 2 3 13 12 
9 20 15 18 17 8 6 5 10 16 13 1 11 12 88 
19 20 18 16 8 11 88 13 88 
19 20 18 15 3 14 13 11 2 1 4 9 5 6 10 
19 20 17 18 11 12 15 8 6 2 88 88 
18 19 20 17 11 88 13 9 4 6 1 2 88 7 
16 18 19 20 8 12 13 1 3 2 10 4 5 14 
18 19 20 15 16 12 10 9 1 2 11 
18 19 20 16 15 2 4 14 13 10 1 6 18 12 7 
20 19 18 12 1 5 8 11 9 15 16 14 17 13 
18 19 20 1 2 15 9 7 16 11 3 5 
16 17 18 20 15 11 8 6 3 12 13 14 1 
20 16 18 19 2 14 13 5 8 7 6 3 88 17 12 
88 17 18 19 5 16 15 14 8 13 12 1 2 3 4 
17 18 19 20 10 9 7 16 13 15 4 1 2 5 8 
20 19 14 17 15 18 3 10 12 6 7 1 2 4 8 
20 18 17 2 19 6 88 16 3 1 9 88 4 
17 19 20 18 88 6 8 5 10 1 12 4 3 11 
17 18 19 20 15 10 14 13 12 11 3 7 1 2 4 
20 19 16 18 12 17 6 3 2 1 4 5 14 8 88 
20 14 15 17 18 4 11 7 8 2 1 12 5 6 
18 19 20 88 17 8 9 14 12 1 4 10 6 2 
20 18 17 19 9 4 7 14 3 2 
14 15 16 17 19 20 18 3 4 1 5 6 10 9 8 
18 19 20 7 14 3 2 4 5 15 11 
17 18 19 20 14 15 12 10 9 7 8 1 2 5 6 
20 18 19 17 16 10 15 6 11 12 13 4 9 1 
20 19 17 16 8 11 12 15 1 2 9 10 
17 18 19 20 15 14 3 10 6 1 5 9 11 2 4 
17 18 19 20 13 15 7 1 3 5 12 6 16 88 
18 19 20 16 15 17 11 12 13 8 1 4 5 7 2 
16 17 18 19 20 13 15 14 8 11 9 10 5 
20 15 16 17 18 88 9 11 14 3 4 5 7 8 88 
18 19 20 14 17 16 10 11 13 1 12 3 6 4 8 
20 19 18 14 17 16 13 15 9 10 7 8 1 5 12 
19 20 8 18 17 88 10 7 13 15 88 14 12 1 4 
20 18 19 16 9 14 12 13 7 8 1 5 3 4 
16 17 19 20 18 15 11 12 88 1 14 9 4 10 2 
20 19 17 15 18 13 3 9 11 12 8 1 2 6 7 
20 17 18 19 14 6 4 5 15 8 10 1 3 88 16 
18 19 20 17 1 15 14 4 11 10 2 6 8 
20 16 18 17 19 7 1 2 13 12 88 10 15 11 14 
19 20 18 13 4 8 9 12 14 7 5 6 13 16 
19 20 17 18 12 13 16 8 14 10 11 6 2 4 3 
14 17 19 18 20 1 4 13 9 7 16 12 4 5 15 
18 19 20 17 14 7 9 6 3 8 1 2 16 10 12 
19 18 20 13 7 8 16 11 6 1 88 14 
18 17 19 20 13 12 10 16 7 14 2 1 9 8 88 
20 18 15 19 10 11 12 16 9 1 3 6 4 8 14 
19 20 17 18 14 11 2 15 88 3 9 8 88 6 7 
16 17 18 19 20 8 9 5 7 3 4 13 1 6 
19 18 20 6 14 7 16 88 2 1 5 
19 20 18 17 16 14 10 3 8 1 88 5 2 11 15 
17 18 19 20 6 7 13 12 15 3 2 4 1 14 10 
19 20 14 17 16 18 5 7 2 1 4 3 11 13 9 
17 18 19 20 16 14 10 13 12 15 1 9 88 88 2 
15 17 18 19 20 12 11 88 14 3 1 9 8 6 2 
19 20 16 17 18 15 11 2 12 7 1 6 3 
17 18 19 20 16 15 88 12 11 1 88 6 10 3 8 
17 18 19 20 16 15 10 12 6 7 8 4 3 1 9 
19 20 5 16 17 18 1 3 12 15 11 7 88 8 2 
20 18 19 16 15 14 17 12 11 1 8 7 6 3 2 
18 19 20 17 4 12 10 7 3 1 88 8 5 
19 20 17 18 13 12 11 9 7 4 10 5 2 1 14 
18 19 20 14 17 1 10 12 13 9 6 7 2 4 
18 19 20 7 9 2 3 1 10 15 17 14 13 12 
18 17 19 20 8 11 12 1 2 3 14 15 
17 18 19 20 16 13 15 4 5 6 8 9 14 2 3 
