30 27 6 29 15 23 8 
1 4 29 30 26 25 88 
31 29 27 23 17 14 16 
30 28 29 27 21 88 19 26 
1 30 28 27 22 18 25 24 16 
30 28 29 7 25 12 18 88 
30 29 9 13 11 
28 29 30 27 10 13 
30 29 28 26 27 17 
30 29 19 88 88 23 11 
30 28 29 26 18 25 24 20 21 
30 29 88 19 20 9 14 16 21 1 
30 29 28 27 18 20 14 
29 30 17 24 16 
30 29 28 27 21 17 20 
3 28 30 27 15 19 
17 28 30 27 4 1 
30 20 29 28 88 4 5 
26 27 29 30 12 14 
30 28 29 15 
28 29 30 16 88 
29 30 28 25 2 88 
29 30 28 19 12 88 15 25 24 23 17 21 
29 30 25 20 19 9 8 13 
29 28 30 23 24 1 25 26 
29 30 28 10 21 
29 28 30 25 7 19 23 24 4 5 6 
29 30 24 23 15 
29 30 28 25 24 1 9 10 20 22 19 
28 27 30 21 15 17 18 7 
29 30 27 28 24 
29 30 15 25 16 20 
28 29 30 27 18 13 
29 30 27 22 20 
28 29 30 27 21 23 
28 29 30 2 8 
30 13 29 28 26 8 17 16 20 
88 29 30 26 17 1 11 12 13 14 16 25 
28 29 30 12 88 21 4 
29 30 28 23 88 88 
30 28 29 24 21 17 
29 30 27 25 23 24 19 4 6 10 11 
29 30 27 28 25 22 1 
12 30 29 25 26 11 9 5 
29 30 28 27 1 9 25 24 12 
30 29 28 22 21 
28 27 29 30 14 13 3 19 
29 30 27 5 88 
30 29 26 27 24 
28 29 30 27 22 
30 29 28 6 3 5 
30 29 28 1 
1 28 29 30 88 25 26 27 
29 30 24 25 26 3 2 1 6 11 23 
21 26 27 28 29 22 9 
29 30 28 27 23 21 1 
23 11 24 30 27 14 
28 29 30 27 26 2 24 25 23 88 
28 27 29 30 
6 9 17 19 29 30 3 12 15 
29 30 25 26 2 3 23 1 12 88 14 8 7 
4 25 28 29 30 22 21 8 26 
30 29 88 27 24 23 22 3 
30 29 28 27 22 16 25 88 17 
29 30 27 28 25 8 2 17 
29 30 28 27 26 13 12 
30 29 28 27 3 
30 28 29 24 9 15 23 25 5 
28 30 29 27 11 12 26 20 
30 1 28 29 25 26 7 6 88 
29 28 30 88 16 17 8 9 
7 26 29 25 30 23 22 19 
29 30 26 23 7 8 25 13 
29 28 30 19 20 27 26 16 
29 30 28 26 27 2 11 12 
29 30 26 27 28 14 21 22 88 
25 28 29 30 10 18 8 88 
1 25 11 29 27 30 3 28 19 17 22 20 
30 28 29 18 25 24 1 
7 28 25 29 30 18 20 
1 6 88 15 16 17 27 29 88 30 
1 4 88 17 23 25 28 29 30 
1 5 29 88 16 22 13 14 88 27 30 31 
3 16 88 26 27 28 29 30 
88 15 2 9 18 27 28 29 30 
88 7 6 21 88 29 30 
6 88 9 88 19 28 22 18 29 30 
88 88 21 27 28 29 30 
16 22 24 15 88 28 29 30 
5 6 13 17 8 88 88 27 29 30 
88 9 18 21 88 28 29 30 
1 2 4 88 27 23 30 29 
1 11 10 29 25 27 18 26 88 88 28 30 
8 9 15 14 17 25 24 88 28 29 30 
1 17 21 28 29 30 
15 24 25 26 29 30 
1 88 13 17 26 88 27 28 29 30 
24 88 27 26 29 30 
5 88 14 15 88 25 26 27 28 29 30 
27 14 88 88 23 24 28 29 30 
10 9 12 13 16 23 25 28 29 30 
1 15 13 16 26 28 29 30 
1 88 13 88 17 19 23 29 30 
5 7 27 12 21 24 26 88 28 88 30 
88 11 9 88 27 28 29 30 
29 30 28 1 13 6 88 
27 28 29 30 24 20 1 16 5 6 10 7 8 26 
27 28 29 30 26 11 2 14 1 20 
27 28 29 30 14 19 22 5 18 21 
26 27 28 29 30 1 15 88 
29 30 23 24 28 17 2 
28 27 29 30 25 11 2 4 1 15 18 23 
25 26 27 28 30 19 2 5 88 
27 88 26 28 30 29 20 19 
26 27 28 29 30 11 
27 26 28 29 30 11 15 14 88 
27 28 29 30 7 88 11 88 14 8 
28 29 30 27 12 1 5 25 26 
27 28 29 30 15 4 5 11 88 88 3 
27 28 29 30 25 
28 29 30 15 23 1 9 17 6 88 
27 29 88 25 8 88 
26 27 28 29 30 1 12 16 88 
24 27 28 29 30 12 88 23 20 22 25 
26 28 29 30 27 17 1 6 19 23 15 
28 27 29 30 1 21 22 
28 29 30 24 9 14 88 88 88 
28 27 29 30 88 6 5 3 19 4 18 
25 24 27 29 30 21 22 6 88 88 
27 28 29 30 14 11 10 2 
88 27 28 29 30 19 1 3 21 
29 26 27 28 30 25 10 23 6 1 19 
27 26 28 29 30 10 88 11 1 5 8 88 88 
27 30 29 19 22 3 2 16 
88 6 26 28 29 21 7 8 88 88 
27 28 29 30 24 15 7 3 
27 28 29 30 23 13 11 17 88 
27 88 15 28 29 88 9 4 7 
26 27 28 88 30 10 88 9 
27 28 29 30 14 23 24 6 2 1 
25 29 24 88 30 23 1 7 11 9 
27 28 29 30 24 4 8 19 11 
26 10 27 29 28 30 9 
26 27 28 88 29 30 5 3 10 18 20 15 
25 27 28 29 30 22 18 17 8 2 
24 25 28 26 88 27 30 17 8 
23 88 26 29 30 9 18 
27 88 29 30 23 6 5 88 9 
27 25 29 28 30 26 5 4 16 24 
27 28 29 30 22 2 7 88 88 9 16 
88 28 29 30 3 2 1 17 8 
27 28 29 30 11 16 10 3 1 2 88 7 
27 28 29 30 88 2 4 6 11 21 12 24 88 88 
25 26 27 28 29 30 5 16 6 18 2 88 19 
25 26 27 28 29 30 3 1 8 88 
26 27 28 29 30 5 24 
27 26 28 30 9 23 10 20 18 7 
27 28 29 30 18 88 17 19 11 14 2 3 1 22 
88 88 29 28 30 25 15 12 1 8 20 
25 26 88 28 29 30 7 1 26 
1 25 29 30 20 23 88 22 27 15 88 88 
29 30 28 7 12 88 19 22 23 88 88 88 88 
30 31 29 11 26 28 19 15 17 16 10 22 
29 30 24 23 22 6 7 88 88 2 1 
29 30 26 8 9 21 22 23 17 4 
29 30 25 14 15 11 13 12 6 7 
30 29 88 9 26 6 5 25 1 18 88 
30 29 27 13 12 26 88 
28 29 30 26 1 88 88 88 
29 30 27 26 8 10 9 5 6 88 22 21 
30 6 26 29 20 21 88 16 88 88 25 
29 30 28 2 15 88 19 88 
29 30 28 23 10 19 18 12 11 1 2 27 25 
29 30 28 8 9 88 2 5 88 3 25 
30 28 88 27 21 24 1 6 2 88 14 9 4 
29 26 27 28 30 8 88 15 88 
30 29 27 28 8 10 1 
29 30 27 28 1 26 20 22 25 
30 27 28 29 5 4 13 14 17 20 21 88 
1 2 28 30 27 88 21 88 
28 29 30 24 4 9 7 10 88 2 
30 29 28 14 88 26 25 21 16 10 
30 29 27 11 13 88 21 22 88 88 88 3 
30 29 21 9 12 1 20 10 
30 28 29 88 3 1 5 9 10 88 
29 30 28 17 18 88 24 19 1 2 6 
30 29 28 5 6 12 7 88 
29 30 28 25 19 24 
29 30 27 22 23 9 88 7 10 
28 29 30 25 88 15 14 
27 28 29 30 22 24 88 2 5 7 8 17 19 
29 30 28 12 13 7 15 16 26 
29 30 28 13 21 17 6 
29 30 88 23 15 88 
28 29 30 1 24 6 11 
30 28 29 3 88 
29 30 26 23 28 
1 25 28 30 29 10 88 19 17 22 21 
29 30 15 2 13 1 22 18 3 21 
29 30 28 1 25 2 88 10 11 88 
1 14 9 29 30 17 24 10 7 2 16 15 
29 30 28 25 88 8 20 6 
29 30 22 28 26 24 1 19 9 
28 29 30 25 12 88 88 23 88 
28 29 30 26 27 88 1 
29 30 88 13 88 14 1 
30 29 28 22 10 19 12 13 
30 29 27 9 88 
30 28 29 26 27 5 6 88 1 2 3 
26 29 30 23 88 88 
30 29 27 21 
30 29 28 1 2 14 15 88 
29 30 25 24 1 15 13 9 10 19 20 
28 29 30 26 27 3 1 2 14 5 10 18 
29 28 26 1 19 20 14 15 
29 30 28 3 7 8 25 24 16 18 
30 29 28 25 20 11 1 4 5 6 
30 28 29 21 23 11 10 
27 28 29 30 1 18 14 
29 30 28 88 88 6 15 3 
30 29 28 12 17 2 1 4 25 88 88 3 88 16 
27 28 29 3 5 1 8 2 3 
30 27 28 25 12 13 88 1 
29 30 28 27 1 15 2 18 12 3 
30 29 28 17 22 18 8 16 88 
30 28 29 26 9 88 8 1 2 88 12 
29 30 28 9 17 1 2 24 
26 28 23 27 88 5 4 1 30 18 
29 28 30 11 88 6 16 18 23 88 17 
28 29 30 27 5 6 10 3 88 
30 29 28 26 3 2 4 88 8 25 6 
27 28 29 30 26 1 7 19 20 
30 29 88 18 24 7 1 88 2 
29 30 21 28 16 27 88 22 18 17 1 19 20 
29 30 28 26 27 5 1 88 8 13 21 88 
29 30 28 21 22 26 88 19 
28 29 26 30 25 88 27 88 1 17 18 
29 30 26 27 1 11 28 
30 28 29 24 25 20 19 1 5 
29 30 27 22 25 26 6 8 12 13 5 2 16 
27 28 30 29 88 7 1 26 88 88 88 3 
29 30 26 25 12 2 88 27 88 
29 31 11 12 13 19 20 88 17 10 88 
29 30 25 27 21 22 6 7 8 2 88 
29 30 28 18 17 8 13 14 
22 23 27 30 6 7 88 14 12 20 
28 29 30 1 88 4 6 18 19 88 
88 29 27 26 7 8 9 2 3 1 88 
28 29 30 6 10 15 24 
29 30 24 8 5 2 1 10 88 13 27 
27 28 29 30 26 7 8 21 19 1 2 
27 29 30 28 14 88 88 19 9 
28 29 30 18 19 23 26 88 10 11 12 
28 29 30 8 9 10 18 17 24 20 21 2 1 5 15 
28 29 30 20 17 21 2 1 6 88 24 
28 29 30 27 26 88 14 12 15 
27 28 29 30 26 88 17 19 2 
88 29 30 18 19 16 28 88 25 26 
27 28 29 30 17 24 26 88 88 
28 29 30 88 2 19 18 15 88 13 88 
27 28 30 20 3 17 2 12 9 
25 26 29 28 30 8 13 7 6 21 1 3 
28 29 30 23 21 22 15 14 88 
17 28 29 30 18 19 12 3 
28 29 30 4 2 11 24 1 
25 27 29 30 18 17 19 21 20 6 8 10 1 2 3 
27 28 30 14 12 13 20 15 18 88 7 8 5 6 
28 29 30 88 4 88 7 8 11 19 20 21 
27 28 29 30 12 10 14 88 88 
25 26 29 30 6 9 7 8 17 21 12 
23 28 16 29 30 17 19 10 13 
28 27 30 11 12 13 16 14 7 1 88 
27 28 29 30 19 20 17 16 18 6 7 10 
26 27 29 30 20 21 13 19 
88 29 30 88 19 17 21 22 18 88 
26 29 25 28 30 6 88 20 88 8 1 16 
25 27 29 30 3 4 9 12 88 17 
27 28 30 2 1 3 88 5 18 21 
27 28 29 30 19 20 88 1 10 16 15 
28 29 30 1 2 88 5 88 10 88 22 21 
24 26 27 28 30 88 10 1 3 7 9 
29 27 28 30 2 1 3 5 7 15 16 20 18 21 
27 28 29 30 1 25 5 12 11 17 88 26 
30 2 1 11 4 5 14 20 23 22 24 25 88 
26 27 29 30 1 2 3 9 5 16 88 
28 3 29 30 1 4 20 14 21 22 88 
23 25 28 29 30 88 1 7 2 13 14 
26 27 28 88 5 3 4 1 13 12 
28 29 30 1 5 6 88 12 18 88 
26 27 29 30 2 88 3 7 16 14 10 23 
21 23 22 28 30 15 13 17 1 4 3 
22 28 29 30 2 1 88 12 5 6 18 
29 30 1 88 88 16 15 88 5 
28 29 30 7 2 3 14 17 88 27 
26 27 28 29 15 7 88 1 
25 29 30 3 88 88 14 13 12 10 
22 1 23 27 30 5 9 10 88 88 28 
23 25 24 26 29 88 4 9 88 
27 28 30 29 9 10 11 88 88 
27 28 29 88 1 17 2 16 14 
28 29 30 1 2 3 88 6 19 7 4 88 
18 28 30 1 3 4 5 88 8 22 15 
28 29 30 2 11 20 23 21 8 15 1 88 
29 30 23 24 27 26 88 20 18 28 16 
27 28 88 30 88 2 88 3 5 18 25 
22 24 88 28 30 2 3 8 7 88 4 
26 29 30 1 2 3 88 14 88 24 28 
26 27 29 30 2 88 4 8 14 15 21 23 88 19 
27 28 29 30 17 18 88 25 1 
28 29 30 2 3 4 5 11 17 21 23 88 24 88 25 
26 29 30 3 24 88 88 18 21 9 10 
27 28 29 88 88 88 15 1 88 
24 29 30 1 2 3 7 6 8 
88 88 88 30 16 15 17 19 20 18 3 4 6 9 8 
26 25 29 28 30 1 2 4 8 
27 28 29 30 9 11 12 21 22 20 8 
27 26 28 29 2 88 17 18 10 88 24 
27 28 29 30 88 19 1 88 3 4 5 6 7 
28 29 30 25 10 8 18 19 20 22 88 27 
25 26 27 28 30 12 88 19 20 2 5 1 8 9 
30 29 27 1 9 12 13 7 8 16 
29 21 23 4 5 1 88 18 17 
31 28 2 13 14 10 1 27 30 
30 23 27 20 21 22 9 16 18 8 24 
29 28 30 22 17 13 1 4 6 7 19 
28 25 29 30 23 26 21 7 
26 27 29 28 30 9 10 4 6 20 
28 29 30 13 19 18 15 14 88 20 
29 1 27 30 22 16 7 28 
29 28 30 21 19 11 27 13 20 25 
25 26 29 9 7 30 6 27 88 15 
29 30 22 6 4 5 25 88 1 9 19 
29 30 10 23 12 13 11 15 14 19 88 25 
29 30 27 20 21 2 1 23 5 22 24 4 8 
27 29 28 30 21 1 11 12 15 13 14 
29 30 25 26 28 23 24 8 12 88 
28 27 13 24 29 30 10 16 17 
30 29 20 16 22 17 19 14 15 12 
26 29 14 27 30 11 10 20 5 6 7 
28 29 30 21 9 16 13 14 88 
88 16 7 29 21 25 9 30 28 10 6 24 
29 28 23 24 21 22 30 2 1 14 13 15 9 25 
29 27 30 15 12 16 3 11 9 17 21 19 24 88 4 
30 26 29 27 6 5 1 4 2 17 23 12 13 
1 28 30 2 29 22 23 21 24 8 9 14 4 
28 29 30 6 1 10 2 14 
30 29 28 14 1 7 11 88 
29 28 30 26 24 25 14 9 10 
1 29 30 3 6 5 20 88 25 
28 29 30 9 8 21 12 19 
28 29 30 23 17 6 13 1 2 
7 29 30 1 88 19 20 5 6 
28 29 30 21 20 19 10 11 
29 30 21 15 17 20 14 
28 29 30 26 27 22 6 11 7 88 
28 29 30 26 20 21 11 88 88 1 2 
26 27 29 30 28 
1 18 30 11 19 15 25 26 27 11 6 
29 30 28 26 18 2 1 3 7 9 6 88 
29 28 30 25 26 11 1 2 5 7 
30 14 9 17 23 88 5 1 29 7 26 4 28 
29 30 26 25 22 23 6 21 18 19 13 9 10 11 
28 26 27 29 30 6 3 20 2 88 1 
25 26 28 29 23 12 24 13 19 16 30 
29 28 30 27 24 18 1 10 7 22 23 
29 30 27 25 26 21 22 17 19 88 23 
29 28 30 10 22 26 20 16 11 4 
30 29 27 25 26 21 
25 30 26 29 18 27 6 5 8 
29 30 28 11 23 14 27 
30 27 88 28 88 17 
30 29 27 26 25 14 19 88 3 16 
30 23 29 28 1 24 2 25 19 29 22 
29 26 30 7 3 27 8 1 2 
29 20 28 15 14 1 2 6 22 23 88 7 
29 30 28 25 1 8 9 7 88 
25 23 88 2 30 1 29 14 8 88 
27 88 20 23 21 29 30 25 26 
29 9 30 88 88 11 88 10 1 
29 88 30 14 15 24 3 23 
30 88 28 29 24 23 1 2 19 25 26 88 88 
30 29 26 20 28 1 2 9 8 23 4 24 
29 27 28 30 12 23 13 1 15 8 
30 29 24 27 26 28 5 88 88 
29 30 28 1 2 12 13 11 14 15 20 22 
30 29 27 11 10 88 88 1 
29 28 30 3 2 16 88 5 
30 29 28 23 20 21 15 16 5 
29 30 19 27 6 26 11 23 1 7 
30 29 28 25 19 13 88 2 6 7 
28 29 30 27 10 11 12 2 16 17 
30 29 28 27 11 10 7 1 2 
29 30 25 23 88 1 
29 28 30 21 22 20 5 16 19 6 1 2 4 
29 28 30 26 19 4 3 2 15 88 9 
29 30 28 22 26 25 24 23 1 3 6 2 9 
30 29 88 23 24 16 10 1 4 3 
11 30 29 27 1 2 88 28 10 
30 29 28 25 12 10 20 5 26 
29 30 28 27 26 1 9 6 11 12 10 13 
7 8 29 30 16 26 18 88 28 88 1 27 21 
30 29 28 12 19 17 11 1 2 16 18 27 
31 30 28 27 15 16 13 14 17 1 10 
29 30 24 27 22 23 21 7 6 2 18 8 
30 29 28 22 25 13 24 88 16 
2 28 29 30 1 21 18 
29 30 27 28 26 25 24 22 5 7 1 18 
29 30 27 25 16 1 2 88 13 28 
26 28 30 27 14 1 17 15 25 3 
29 30 27 26 11 1 88 88 20 
9 30 29 27 28 25 12 16 
25 26 27 29 28 30 12 1 2 14 88 
28 29 30 26 25 8 88 1 10 23 88 14 
30 28 27 29 17 18 26 24 8 9 
22 30 27 29 28 21 20 11 12 14 15 1 2 88 
29 30 28 12 88 16 20 21 19 14 15 25 
28 30 29 27 16 15 17 24 23 25 8 9 5 
27 28 29 30 20 19 22 1 10 12 14 88 
27 28 29 30 6 26 20 1 2 11 12 
28 29 24 27 23 30 88 88 1 2 19 
30 29 28 27 24 88 22 9 1 2 4 16 
30 29 21 28 22 24 23 1 20 
29 30 27 22 88 25 11 13 
29 25 30 28 2 6 12 1 88 26 18 
30 29 27 28 88 17 22 20 21 11 88 88 
29 30 1 9 6 10 25 26 20 
28 30 29 26 5 6 7 23 24 22 
29 30 28 24 25 1 2 3 14 9 11 
29 30 27 28 24 88 88 5 23 22 19 3 
28 29 30 16 13 9 17 25 24 7 6 4 
28 29 30 17 19 24 5 6 23 1 2 20 18 
28 29 30 23 21 20 16 15 17 88 18 26 
28 27 29 30 21 12 17 88 14 10 13 
26 29 27 30 21 20 25 1 2 3 
30 13 12 27 29 21 22 24 1 2 6 9 88 4 28 
28 29 30 26 27 25 22 21 
27 28 29 30 17 13 10 11 9 8 
29 30 28 25 1 5 3 17 16 14 88 24 
27 28 29 30 23 24 26 1 2 3 4 22 88 21 
1 6 11 29 21 22 27 25 30 28 3 19 12 
28 29 30 88 1 25 27 12 11 7 9 17 24 
29 30 26 25 2 4 13 18 19 21 22 9 15 27 88 
30 29 28 26 27 22 3 12 15 25 23 4 
29 30 27 28 26 12 11 13 6 1 88 5 16 
27 28 29 30 25 1 2 5 22 21 20 
30 28 29 25 14 17 16 18 1 3 6 88 
29 30 26 28 22 14 10 13 24 88 11 9 88 
30 29 27 24 88 5 26 3 1 2 88 20 
28 29 27 30 18 21 19 26 1 9 88 15 17 16 
30 29 27 28 26 8 14 13 24 23 2 1 10 7 88 
30 27 88 29 28 88 24 1 3 16 25 
1 29 30 28 26 25 22 23 14 88 16 17 
30 29 25 28 26 27 24 1 2 9 10 88 14 13 
30 28 26 29 27 14 1 2 3 15 13 12 88 9 20 
28 29 7 6 1 10 11 18 15 19 20 
30 27 29 28 23 24 22 17 18 25 88 10 11 26 21 
30 28 27 26 24 25 2 88 11 13 23 4 5 29 
30 28 29 27 88 20 21 23 16 2 24 15 1 88 
29 30 28 26 25 11 17 6 21 13 88 1 2 
30 29 88 25 24 27 1 2 88 88 3 8 9 
30 29 28 26 25 14 88 9 2 1 3 4 12 18 23 
30 29 25 28 88 1 88 20 21 22 27 
29 30 28 27 22 23 21 88 12 
29 30 28 24 22 20 23 12 5 11 3 1 10 88 18 
30 29 27 88 24 2 1 8 11 12 25 18 14 13 88 
30 29 28 19 27 9 10 2 8 7 1 
29 30 28 27 23 20 21 15 9 10 1 2 14 88 
30 28 27 29 5 23 19 20 9 15 8 12 13 21 16 
28 29 30 26 23 24 19 27 88 
1 30 28 29 25 26 88 19 88 2 10 88 
30 29 28 26 27 17 6 21 3 88 8 
30 29 23 28 24 25 20 7 
29 30 27 26 22 21 28 1 88 
30 28 29 88 26 1 2 25 11 15 18 16 23 6 5 
29 30 27 28 21 22 25 88 11 12 13 15 10 24 
30 29 28 26 27 25 88 88 3 8 88 11 14 18 88 
25 26 27 28 29 30 16 8 6 10 7 1 22 88 20 
1 29 30 28 27 26 14 20 11 18 88 19 8 
30 27 29 28 22 20 18 8 6 7 19 1 88 26 
29 30 26 27 25 23 24 28 21 22 2 6 11 12 8 
88 88 17 30 29 28 88 1 
30 29 18 19 25 14 1 
30 31 88 20 
28 30 27 17 18 15 6 7 1 29 
13 28 29 30 88 1 2 15 88 
30 29 88 23 2 
29 28 30 26 27 1 9 6 5 16 88 
28 29 30 21 25 14 16 
28 29 30 27 25 88 88 
27 29 30 28 13 1 
26 28 29 88 27 88 6 9 88 25 
28 29 30 88 14 
27 29 28 30 10 23 13 
28 29 30 17 26 2 5 4 13 
26 27 28 29 30 6 88 17 88 
23 29 30 3 12 88 28 88 
24 25 26 4 27 30 3 
29 30 22 88 19 28 17 88 
26 27 28 29 30 88 
29 30 28 21 22 4 88 
28 29 27 1 3 23 30 
25 24 29 28 88 13 30 88 88 
88 28 29 30 3 11 16 13 23 
24 25 26 9 27 1 88 
25 26 27 28 29 30 13 88 
25 26 28 30 29 6 
29 30 28 27 20 23 1 16 
29 30 28 2 14 
30 25 29 23 
28 29 30 88 24 26 9 
26 88 28 29 30 88 
23 24 26 88 25 27 30 16 11 12 13 14 15 7 
27 29 30 21 22 25 
27 28 29 30 26 
28 29 30 27 21 22 17 18 
20 27 28 29 30 13 88 
29 30 27 28 11 21 88 7 
29 30 24 28 18 25 14 
29 30 24 26 88 14 88 10 2 21 
24 27 29 30 28 
27 29 30 1 24 25 17 
28 26 29 88 21 22 18 11 
22 28 29 30 24 25 
27 28 29 30 20 25 88 18 19 
28 29 30 26 27 14 13 
26 27 28 29 30 21 
28 29 30 26 
29 30 27 28 21 5 
88 27 29 28 30 5 6 88 
27 28 29 30 15 88 
30 28 29 24 88 1 13 88 17 
28 29 30 1 2 
26 25 29 30 16 88 18 1 
29 30 26 21 27 20 88 
28 88 29 21 9 3 88 
28 29 30 25 10 11 88 88 88 88 
27 28 29 30 23 11 1 
24 25 26 29 28 88 4 
21 22 29 30 26 88 
29 30 27 16 88 10 13 1 
29 30 28 27 25 88 2 4 3 1 
28 25 29 30 15 16 4 3 
29 30 27 28 17 88 5 7 
29 30 28 27 3 
24 25 27 88 30 29 
28 29 30 88 21 22 
29 28 30 9 5 
28 26 29 30 23 88 
30 11 28 29 26 88 88 
24 26 25 88 29 30 6 7 
27 28 29 30 8 25 88 
29 30 27 28 26 
30 27 26 28 12 
25 28 30 26 19 20 1 88 
29 30 28 27 26 
29 30 25 28 24 27 18 17 5 6 
30 28 29 8 16 17 88 88 20 
29 30 26 27 28 
28 27 29 30 
30 28 27 6 88 2 88 
30 29 27 17 12 19 7 8 1 6 
29 30 25 28 22 4 19 
28 29 31 10 14 27 88 
29 30 27 25 6 7 1 
28 29 30 21 88 22 13 23 
28 29 30 7 22 23 2 88 
28 29 30 5 6 1 
28 29 30 24 25 16 11 88 
27 28 29 30 8 1 88 7 
28 29 30 26 27 88 
28 29 30 27 26 12 9 19 
28 29 30 14 88 88 
27 28 29 30 10 14 
28 29 30 26 9 8 88 
27 28 29 30 88 23 
29 30 28 23 24 3 
27 28 29 30 17 
25 26 27 28 30 5 4 22 23 20 
27 28 29 30 14 16 
28 29 30 25 19 
28 29 30 27 2 1 18 
27 28 29 30 13 
28 29 30 88 25 88 26 
27 29 88 30 88 23 88 6 
23 25 26 27 28 29 30 88 9 
29 30 88 88 6 
26 27 28 29 30 5 6 16 2 
28 29 30 88 
28 29 30 23 9 1 
25 26 27 28 88 9 29 
26 88 28 30 2 3 5 23 
26 88 29 30 1 88 
25 28 29 30 6 2 88 88 
27 88 29 30 18 20 21 28 
28 29 30 25 27 88 4 19 22 21 
25 26 27 29 30 11 88 88 2 
28 29 30 23 9 
28 27 30 14 17 26 
27 29 30 28 26 
28 29 30 23 26 25 88 
27 28 29 30 9 88 12 88 
27 28 29 30 15 88 11 10 
28 29 30 12 27 26 22 
27 29 30 25 20 12 4 5 3 
23 28 29 30 88 9 
28 29 30 22 25 21 13 
27 28 29 30 10 14 
28 29 30 21 
27 28 29 30 24 88 
27 28 29 30 10 
27 28 29 30 24 15 1 
25 26 27 28 30 1 2 
26 27 29 30 14 88 
27 26 29 30 1 2 88 
25 26 27 28 29 3 4 
28 29 30 25 10 11 1 
25 27 28 29 30 
27 28 29 30 24 
24 25 26 27 30 29 
28 29 30 6 18 88 
25 26 28 29 30 88 4 3 8 14 
25 26 28 29 30 
27 28 88 29 30 88 
27 28 29 30 18 
27 29 30 1 2 22 28 
88 28 88 30 26 8 7 
27 28 29 30 9 10 24 18 17 88 
26 27 29 30 5 19 88 28 88 
26 29 28 30 
27 28 29 30 88 
27 28 29 30 
88 26 29 27 88 
25 24 29 26 30 7 
25 26 88 28 30 29 88 
24 88 26 29 30 28 
28 29 26 30 3 88 21 
25 28 29 30 26 
28 29 27 11 14 29 1 
88 28 29 30 25 88 88 
27 28 29 30 25 88 
30 27 7 25 6 10 11 23 
30 29 23 20 1 17 88 
31 30 26 10 9 2 88 
30 27 25 23 22 7 6 
30 29 25 13 16 12 24 88 
30 28 88 12 
30 29 26 7 5 6 9 10 
30 28 29 8 16 88 14 
26 24 30 29 
30 26 27 19 24 
30 29 26 12 11 3 1 
30 29 28 
30 22 88 23 18 10 13 21 
30 23 24 27 8 9 88 28 
30 28 17 88 6 20 
30 26 29 3 15 17 
30 28 88 17 27 26 
30 19 22 
30 27 29 
30 28 27 88 88 
30 29 28 8 9 3 2 88 
30 29 28 27 
24 30 11 3 29 2 10 21 
30 28 29 6 9 12 
30 28 29 26 1 2 3 
29 30 24 14 17 6 23 
30 29 5 6 
30 28 25 19 14 
28 29 30 23 22 27 26 88 
30 27 29 4 
27 30 28 5 2 1 88 
28 88 30 26 
30 29 21 18 
29 30 26 
30 29 26 27 88 8 
30 24 25 28 18 23 
30 28 29 13 88 17 
30 26 25 24 17 14 16 29 
30 29 28 23 24 22 
30 29 25 26 88 15 11 
30 29 26 88 1 9 4 25 
30 29 88 2 7 28 
29 28 30 25 26 
29 30 25 26 88 19 12 
30 29 27 1 2 26 
30 28 21 22 88 
30 88 28 10 11 19 
29 27 30 24 26 
30 24 29 18 19 28 
30 28 24 22 23 2 14 
30 29 28 1 2 4 27 
30 27 3 4 8 28 
30 29 15 22 23 1 2 
30 29 26 2 3 1 
29 9 16 88 88 
29 30 25 10 12 13 28 88 
30 27 29 
30 29 12 17 4 2 88 
27 28 30 11 88 26 
30 29 88 14 13 15 1 88 88 
1 2 3 4 28 30 
30 29 28 26 88 1 3 4 
29 30 28 27 5 
30 28 29 88 1 5 
2 4 29 88 
30 29 18 2 3 1 26 5 
30 29 18 88 17 20 
30 29 23 1 4 3 
30 28 4 6 23 9 
30 29 28 1 2 17 19 5 
30 29 16 88 24 
30 29 27 1 88 
30 22 2 88 
30 29 88 2 20 88 
30 29 26 4 2 
21 22 30 25 
30 29 25 28 18 3 1 2 
29 30 27 29 3 88 4 2 
30 26 88 1 8 
29 30 25 12 13 
1 7 8 10 23 25 12 88 
17 12 25 19 88 30 5 88 11 88 29 23 
30 31 27 10 11 5 6 88 22 
17 18 88 20 30 6 7 9 88 
28 29 30 12 13 16 6 
28 30 7 2 1 88 88 29 
29 27 30 10 88 9 22 4 18 13 
28 29 30 25 16 14 27 1 
30 21 88 29 1 15 28 10 23 3 
30 29 19 17 21 88 16 18 
28 29 30 25 27 88 
1 88 24 29 30 4 88 88 
26 27 4 30 13 10 18 21 25 6 
28 29 30 8 2 1 5 17 
21 88 28 29 30 20 27 1 17 
30 29 25 3 1 8 12 88 
28 29 30 27 26 5 17 88 6 
1 27 29 30 3 88 6 16 
1 27 28 30 13 5 6 7 16 88 12 
30 1 22 24 23 88 19 28 
28 30 29 88 3 20 88 4 88 
29 30 27 28 1 88 88 15 
29 30 88 19 11 6 9 3 
29 30 25 12 1 27 88 
30 1 29 28 88 13 
30 29 23 6 17 18 1 2 28 88 
28 29 30 25 4 5 6 
29 30 28 22 25 1 14 2 
29 30 22 23 10 
88 29 30 21 9 1 8 
25 1 28 26 12 23 2 
30 29 5 1 2 88 12 
1 2 30 28 4 15 16 21 20 14 13 
29 30 20 10 14 88 16 88 88 
30 88 26 12 13 18 1 22 
28 29 30 20 24 88 1 14 
30 1 25 29 88 88 
1 25 28 30 17 27 14 
1 4 12 29 30 25 
1 16 30 29 6 2 14 25 24 3 88 
1 17 30 28 29 9 7 
1 29 30 28 15 88 3 18 21 88 12 25 
18 24 22 29 30 88 8 
1 28 30 12 8 5 
1 28 29 30 27 3 7 8 9 22 88 
1 29 30 28 27 17 18 88 
5 19 28 30 10 29 88 
1 29 27 26 5 88 
27 88 29 30 17 1 3 
15 2 1 18 88 30 29 10 
1 88 30 29 24 6 15 16 
29 88 30 1 2 18 14 
1 29 30 28 15 5 
1 88 2 88 29 30 17 88 
1 26 28 29 21 7 6 
1 26 29 88 88 25 12 13 11 88 10 
1 2 4 88 30 23 88 88 
29 30 28 18 10 12 11 88 
1 26 29 30 11 19 88 
1 23 88 88 21 88 14 30 6 27 
1 2 3 30 8 28 7 88 16 
1 88 30 29 8 4 88 
1 29 30 28 2 
1 29 30 28 3 12 27 88 
1 4 5 29 30 28 88 
1 30 29 88 5 88 8 22 
14 30 24 29 23 3 88 1 15 
1 8 4 30 29 5 9 88 88 23 
1 30 19 11 88 88 88 
1 2 30 29 10 23 7 25 88 19 
1 3 27 30 88 88 25 
20 21 23 30 29 28 88 2 
88 21 22 30 19 88 18 88 88 
19 1 4 5 18 30 29 16 26 88 
26 29 30 7 21 22 11 88 8 88 
23 24 25 30 3 1 5 17 88 
18 28 29 88 25 88 3 1 20 
29 30 88 27 21 11 14 19 17 1 23 88 
1 88 29 23 30 88 88 19 18 
88 1 3 30 11 88 25 
29 30 18 4 7 88 88 88 
30 28 29 26 25 88 
31 28 27 88 6 14 
28 29 30 88 7 6 
30 28 29 88 1 26 88 25 4 
28 29 30 7 21 12 22 
29 30 88 1 3 24 7 88 88 
28 29 30 88 19 20 8 
27 28 29 30 26 7 
26 88 28 29 30 19 1 2 5 
28 29 30 27 88 13 88 21 88 
24 30 28 29 14 15 8 1 88 
25 26 27 88 88 18 23 88 88 5 2 
28 29 30 27 25 1 2 88 
30 29 28 27 21 20 1 6 4 16 17 
29 30 28 27 25 15 3 1 11 
28 29 30 27 5 4 19 
24 29 27 28 30 4 88 1 11 
26 27 88 29 30 1 2 
26 28 29 30 1 4 88 88 88 
28 29 30 24 27 9 10 88 20 
27 28 29 30 88 9 2 12 
27 29 88 28 3 1 26 17 
29 30 25 28 12 88 1 2 5 8 
28 29 30 23 24 2 3 1 88 
29 30 28 23 13 
24 29 30 25 1 5 6 4 
27 28 29 30 19 20 22 5 6 9 11 
27 88 29 30 10 28 19 22 88 
88 29 30 88 24 25 26 88 6 
28 29 30 24 1 88 13 17 4 
28 29 30 23 27 16 15 1 3 11 88 
27 28 29 30 9 15 4 20 
18 26 27 29 30 14 13 20 1 
28 29 30 27 88 88 5 
28 29 30 26 27 25 1 17 88 7 4 11 
27 28 29 30 3 11 18 5 
29 30 28 27 26 6 13 1 2 
26 29 30 28 27 14 15 24 1 2 
30 27 28 24 25 1 88 14 
27 28 88 30 88 6 20 9 7 15 5 
26 27 28 29 30 10 7 1 11 
27 26 28 29 30 4 25 11 
25 26 27 28 30 10 12 4 5 1 88 
27 28 29 30 1 88 20 15 9 
26 27 28 29 30 21 17 88 8 12 13 
27 30 26 9 10 28 22 1 21 88 7 
25 26 27 28 30 1 5 18 17 
28 29 30 23 26 3 9 88 14 
26 88 28 29 30 2 3 88 16 10 
24 88 27 88 88 88 30 20 7 1 3 2 12 15 
25 26 28 29 30 1 2 14 16 18 20 
24 25 26 88 88 29 30 1 2 4 
22 23 25 26 29 30 3 2 1 
26 88 88 29 24 18 1 4 2 7 88 
88 29 30 24 18 1 14 10 88 
20 23 25 88 27 30 16 
28 29 30 23 24 88 88 88 16 
28 23 29 30 18 
28 29 88 30 14 6 
25 26 88 28 88 30 88 88 23 24 3 2 5 13 
28 29 30 88 88 2 8 
28 27 22 23 29 30 88 
27 28 29 30 17 18 88 5 3 
28 29 30 22 27 23 18 1 88 
88 28 29 30 26 11 1 2 10 
26 27 28 29 30 19 20 17 18 13 1 3 
26 27 29 30 23 24 28 9 17 14 16 15 1 2 
25 27 26 30 28 13 12 23 
27 88 29 88 24 26 25 1 5 6 7 
26 27 28 29 30 19 20 
29 30 23 21 22 27 88 2 9 
26 27 29 30 22 11 12 7 
28 88 29 30 22 19 20 21 5 
26 27 28 29 30 21 88 13 8 1 
25 26 28 27 29 30 24 88 21 22 
25 26 27 28 30 10 88 2 3 23 
27 28 29 30 17 88 1 88 
28 29 30 25 88 1 88 23 
20 25 23 88 88 28 29 30 17 88 3 1 
27 28 29 30 16 1 3 12 88 88 
30 16 28 29 23 21 11 12 88 2 1 4 25 
31 30 88 28 88 10 1 2 17 88 88 7 
29 30 88 27 88 21 7 8 6 15 22 88 
28 29 30 88 9 88 27 13 
27 28 22 88 30 7 29 88 4 3 5 
6 1 25 28 29 30 26 5 9 11 27 10 88 
28 29 30 25 20 27 88 
25 26 29 30 12 14 13 1 3 
29 30 24 26 27 88 25 
28 29 30 7 12 26 27 1 20 21 88 88 
30 4 28 29 88 26 1 
29 30 13 12 27 88 26 11 
28 29 30 27 26 25 4 2 5 88 23 24 
28 29 30 24 1 21 27 10 11 9 19 7 3 88 
28 29 23 24 27 26 30 3 88 
27 28 29 30 17 19 18 20 21 16 22 23 
29 30 22 1 27 28 16 88 88 12 88 
26 27 28 29 16 30 5 1 8 
26 27 28 29 30 1 2 19 88 88 11 
28 29 30 17 2 3 4 10 9 
20 21 23 28 29 88 1 2 88 7 6 13 
88 26 27 22 88 29 30 21 24 9 11 10 
23 24 25 26 29 30 3 12 9 1 2 8 
28 29 30 23 24 13 1 25 
29 30 1 8 20 28 12 17 10 2 
28 29 30 2 1 5 6 7 25 
26 27 28 29 30 2 1 14 22 88 23 15 
20 21 27 28 29 30 1 88 2 88 19 18 17 
24 25 26 27 28 29 30 9 8 12 15 
88 28 29 30 20 17 19 18 21 23 24 1 2 6 5 
23 24 26 16 29 30 11 12 15 7 6 88 14 5 4 
27 28 29 30 18 26 6 21 19 20 
26 27 28 29 30 20 8 7 88 
25 20 27 28 29 30 6 4 1 88 88 11 
20 21 88 24 28 29 88 1 16 14 2 11 27 9 30 
23 24 28 26 30 8 1 3 10 11 6 88 
25 26 29 28 30 20 21 1 14 17 2 5 6 15 
23 24 26 25 27 28 30 4 12 3 1 15 17 29 
26 25 24 28 29 30 88 6 11 
27 88 28 29 30 22 9 17 88 7 20 1 
27 28 29 30 19 20 18 13 11 10 15 88 
26 27 28 29 30 22 24 25 16 12 88 3 6 
23 28 29 30 18 27 12 11 13 5 
24 27 28 29 30 7 8 1 2 26 88 6 
26 27 88 29 30 14 16 88 3 
26 28 27 30 14 13 9 10 
88 26 27 88 29 30 21 20 17 19 18 88 3 
24 22 25 27 29 30 88 2 88 88 
22 23 88 88 29 28 30 2 17 16 
27 28 29 30 11 1 88 2 4 88 
88 26 28 25 29 30 1 2 88 19 20 22 14 88 
18 22 23 26 27 29 28 14 88 1 10 12 7 13 
21 22 25 24 11 29 28 30 7 14 13 2 88 3 88 
21 27 26 24 28 29 1 4 88 20 9 
20 88 22 23 28 10 11 13 88 14 88 
27 28 29 30 11 25 1 2 4 20 88 
26 25 24 27 28 29 12 11 13 14 21 23 
27 28 88 30 11 20 26 23 24 25 19 16 88 
27 28 29 30 9 8 14 13 19 88 88 15 24 23 
16 23 88 24 29 30 3 2 17 25 
27 28 29 30 7 8 2 1 4 21 
26 27 28 29 30 
27 28 29 30 16 22 17 18 15 88 
25 26 27 29 30 17 18 20 7 8 4 2 88 
27 28 88 30 22 10 8 7 
23 24 25 27 30 9 10 14 88 3 
23 24 27 29 26 30 28 
23 26 25 24 27 28 30 17 15 88 11 20 
21 25 27 26 28 29 30 5 88 20 4 3 9 
23 24 88 26 27 28 30 88 88 
27 28 29 30 23 25 9 7 8 22 
27 28 29 3 7 8 11 88 
18 21 16 25 26 29 30 9 2 88 11 4 13 
26 27 28 29 30 9 7 8 10 88 21 24 
21 22 28 25 27 29 30 88 9 12 88 
88 88 88 88 30 25 3 88 4 88 
27 17 18 19 30 1 4 88 88 8 
26 27 28 29 30 6 23 19 16 15 8 
19 20 21 24 28 27 29 30 2 6 
28 30 20 26 6 5 13 88 1 25 27 12 
29 30 27 26 19 12 8 10 9 25 88 88 1 
29 31 22 24 17 1 88 5 6 
28 29 26 27 30 20 19 2 12 13 11 6 7 88 
27 28 29 30 13 1 12 7 6 4 21 
28 29 30 3 18 25 15 16 11 13 9 7 10 1 88 
29 30 28 88 6 9 10 22 20 8 13 88 2 
29 30 28 23 24 25 21 1 2 88 16 6 
29 30 28 15 13 14 7 16 8 26 
29 30 28 88 21 23 24 5 88 7 17 19 18 16 88 
27 28 29 25 26 6 1 2 8 12 88 4 22 13 14 
27 29 30 24 4 1 2 5 7 88 16 88 23 
29 30 27 25 26 28 8 18 19 4 1 3 2 5 10 
28 29 30 24 25 2 1 4 5 6 8 9 17 18 88 
28 29 30 26 27 21 15 13 14 9 10 11 12 88 
30 26 29 25 23 15 3 14 4 6 5 88 
27 30 28 29 18 3 13 16 17 15 12 88 88 88 
29 26 30 28 25 18 20 19 21 22 9 10 14 15 13 
27 28 29 30 26 12 88 17 19 25 21 
29 30 28 27 16 18 19 1 8 2 6 13 
29 88 28 9 10 21 19 5 11 13 1 3 30 
29 30 28 27 13 1 22 88 14 11 5 
29 30 27 26 23 24 25 1 2 4 21 11 13 22 9 
29 30 27 28 88 88 14 6 7 9 10 11 25 
28 29 30 21 17 16 18 8 10 9 
28 29 30 19 20 16 17 14 1 2 5 6 7 22 
28 29 30 7 25 8 5 6 1 9 10 11 12 15 4 
27 28 29 30 9 10 12 14 88 3 4 22 20 24 25 
27 28 29 30 15 17 
28 29 30 13 22 23 27 20 21 15 88 
27 28 30 29 12 14 13 16 5 24 23 88 10 9 11 
27 28 29 30 17 19 18 15 22 1 3 4 88 6 7 
26 29 30 28 27 19 20 21 14 18 88 1 6 5 
29 30 28 20 21 22 5 8 88 
28 29 30 13 23 21 19 18 17 25 26 27 1 4 5 
28 29 30 26 88 2 8 88 6 10 9 88 1 7 20 
27 28 29 30 13 14 17 
30 29 88 1 2 14 15 12 16 17 
28 29 30 26 22 12 24 15 4 3 5 25 19 88 14 
28 88 30 26 27 13 14 2 5 6 10 16 88 
28 29 30 23 24 1 14 9 11 3 4 13 7 8 
29 30 28 25 88 6 10 11 13 12 14 15 1 2 4 
26 27 28 29 30 23 88 1 3 22 8 20 
28 29 30 20 25 5 15 12 18 19 13 1 2 3 24 
28 29 30 27 1 26 10 7 9 8 88 
29 28 30 24 6 14 15 11 16 19 
30 28 26 29 24 23 22 10 14 13 12 11 1 2 7 
29 30 5 27 26 24 23 25 17 16 9 15 1 
27 28 29 30 13 14 9 12 11 1 18 17 19 88 
27 28 29 30 17 18 24 23 88 
28 29 30 1 12 10 11 9 88 13 5 24 
27 29 30 88 1 2 4 5 19 20 88 16 
26 27 28 29 30 1 23 14 18 16 15 12 88 88 7 
27 30 28 29 26 88 9 8 10 5 6 7 88 2 24 
26 27 28 29 25 16 17 15 20 21 1 
28 29 30 18 88 19 17 10 11 15 1 7 8 4 88 
28 29 30 2 88 27 23 25 88 26 6 7 11 12 24 
28 29 30 2 4 25 24 13 15 
27 28 29 30 21 22 6 24 25 1 19 4 5 88 
88 28 29 30 88 21 20 13 17 19 6 5 88 9 
28 29 30 25 26 20 19 17 18 3 2 4 14 23 9 
27 28 29 30 1 4 8 9 
29 27 28 30 1 5 10 11 18 16 17 88 2 
27 28 29 30 20 23 25 24 26 18 17 9 10 11 12 
27 28 29 30 6 13 20 22 21 
28 29 30 22 21 15 1 2 88 26 10 11 
28 29 30 1 20 18 19 3 88 
27 28 29 30 23 9 10 4 5 18 88 7 
29 28 30 23 26 19 1 15 10 11 9 
28 29 88 26 5 10 14 7 1 
27 28 29 30 21 12 13 14 10 3 88 25 
27 28 29 30 25 88 23 11 10 9 7 8 6 1 2 
29 30 25 24 26 18 19 22 16 15 12 11 14 1 6 
1 27 28 29 30 18 19 20 17 22 21 6 5 88 4 
26 29 28 30 7 10 11 13 12 
26 27 29 30 28 21 23 22 20 
28 29 30 25 10 7 18 20 19 1 3 5 23 
26 27 28 29 30 21 19 17 18 1 3 4 6 9 88 
26 27 28 29 30 20 19 88 1 
29 30 27 28 22 2 11 1 4 12 13 8 3 16 88 
27 28 29 30 7 8 17 24 16 14 1 88 
29 1 12 19 20 6 17 
31 30 29 13 11 21 10 88 
30 29 28 27 1 2 4 17 18 21 
28 29 30 1 22 4 5 11 21 13 15 88 
28 29 30 5 7 22 24 10 2 88 88 4 14 
27 28 29 30 9 18 19 20 1 3 11 
28 29 30 26 25 27 1 88 8 16 22 21 12 
29 30 25 27 26 28 16 19 14 88 
26 27 29 30 7 3 11 13 88 
27 28 29 30 12 25 18 24 1 17 4 14 
26 27 28 29 30 19 20 21 1 4 7 5 10 
28 29 30 25 26 27 18 17 12 10 1 6 23 
28 29 30 2 4 17 8 12 10 9 13 14 88 
28 29 30 27 20 21 1 17 2 22 8 
28 29 30 25 8 3 4 20 21 88 7 88 27 
27 28 29 30 10 12 15 88 9 
25 26 27 28 30 1 3 5 10 88 19 
26 27 28 29 30 13 14 88 5 9 11 
28 29 30 19 88 8 88 13 14 
26 27 29 28 30 88 4 3 2 8 9 10 16 12 11 
27 28 29 30 88 23 14 26 1 5 3 88 
28 29 30 25 88 88 88 24 3 2 19 17 
27 28 29 30 9 3 6 13 88 22 88 10 2 1 16 
28 29 2 27 26 23 24 88 7 5 1 30 
25 26 27 29 30 6 10 7 19 16 22 1 
28 29 30 1 4 5 6 7 8 12 23 24 15 16 
28 29 30 2 1 20 10 88 13 11 15 22 8 9 
29 30 28 25 9 7 6 16 3 5 4 88 
28 29 30 24 25 27 9 11 21 6 13 15 16 
27 28 29 30 12 24 5 1 2 16 19 14 21 10 
28 29 30 1 7 2 11 12 9 10 6 17 14 
26 27 28 29 30 25 19 20 21 15 13 12 1 
27 28 29 30 1 5 17 4 8 12 88 13 88 
26 27 28 29 88 21 17 19 88 4 6 12 88 15 88 
28 29 30 17 26 88 7 4 11 13 
27 28 29 30 13 17 1 2 3 10 
28 29 30 6 5 1 17 14 13 3 
29 30 23 24 25 28 27 4 1 3 12 9 10 15 18 
27 28 29 30 6 1 2 10 8 11 14 25 88 
29 30 24 28 1 3 17 9 5 23 22 
25 26 27 28 30 2 1 3 6 10 11 7 9 23 22 
30 29 28 27 1 3 10 9 2 22 25 
28 29 30 5 25 1 12 19 88 22 23 26 11 
24 26 25 22 29 30 1 9 2 7 8 88 
26 27 88 29 30 21 22 1 12 14 88 23 5 15 17 
26 27 28 29 30 13 14 18 1 3 2 88 24 
28 29 24 25 16 30 88 5 14 27 2 1 
28 29 30 22 23 24 10 12 13 5 3 2 88 1 
25 26 29 30 27 11 14 2 4 18 
28 29 30 2 1 88 21 14 24 15 11 
26 27 28 29 30 1 9 2 14 15 88 3 
28 29 30 24 25 26 27 1 18 5 9 13 
28 29 30 21 24 15 88 2 1 17 16 3 
26 27 88 29 15 16 11 7 1 3 5 21 22 88 
28 29 30 88 10 14 3 1 
26 27 28 29 30 20 88 11 4 2 1 9 15 
28 29 30 27 25 24 26 9 8 4 6 5 12 2 
29 30 11 24 25 26 88 16 17 4 
28 29 30 21 88 11 9 14 
28 29 30 17 9 1 2 3 11 13 8 25 26 19 
21 26 27 28 29 30 88 4 8 22 12 11 6 3 17 
26 27 28 29 30 1 88 2 7 12 13 88 6 18 
26 27 28 29 30 3 12 18 17 88 6 
28 27 29 30 18 16 14 13 15 11 12 
28 29 30 9 7 8 2 1 14 12 16 10 
27 28 29 30 14 2 5 1 3 10 9 6 27 26 24 
28 29 30 23 2 8 9 4 5 88 88 
27 28 29 30 11 12 17 15 2 4 8 9 5 3 
28 29 30 25 1 2 5 4 88 
25 26 27 28 30 15 14 13 3 1 2 4 16 17 8 
27 28 29 30 7 26 21 9 10 19 5 
27 28 29 30 21 22 88 5 7 8 15 2 3 
29 27 28 30 17 18 16 19 20 6 4 1 
29 30 26 28 88 25 24 9 88 1 88 
28 29 30 26 27 20 22 18 9 88 3 8 
28 29 30 88 17 18 9 12 16 25 7 3 2 4 88 
27 28 29 30 14 21 88 1 9 17 88 11 
28 29 30 19 18 22 25 10 8 12 9 20 17 
25 26 27 24 30 11 8 7 10 9 22 12 88 16 
16 8 15 5 17 28 2 29 27 30 24 7 
30 29 26 17 23 1 2 5 16 15 12 19 20 6 
31 24 13 22 5 6 1 2 11 88 14 12 21 
22 23 26 30 6 7 15 5 1 2 27 29 
30 28 29 88 88 21 11 
22 23 30 88 7 26 2 10 
24 27 26 6 4 88 9 29 20 15 
30 29 27 25 8 28 16 
28 26 18 88 30 1 2 3 25 16 14 
29 30 16 1 6 8 11 20 13 88 19 21 
28 29 30 26 27 18 88 19 2 1 12 
30 29 25 27 88 26 20 19 21 1 88 4 28 
25 28 30 13 18 3 27 88 88 88 12 10 
28 29 30 2 3 6 8 1 
27 29 28 30 1 17 88 6 20 
30 29 15 19 88 27 28 4 3 
23 25 27 30 15 88 13 5 88 12 28 
26 27 29 28 30 88 5 4 3 88 
30 27 28 29 5 14 21 12 13 
28 29 30 88 17 8 14 5 88 15 11 19 88 
28 29 30 18 21 88 3 27 
29 30 28 27 13 88 9 26 24 88 
24 30 19 17 22 23 25 28 5 88 
29 25 30 11 19 12 6 10 21 5 
30 29 88 26 88 9 23 24 5 7 1 88 25 
30 29 28 23 7 6 10 25 26 17 1 
28 29 30 10 25 5 88 7 20 21 
88 29 30 14 2 88 9 11 24 1 18 25 
29 28 30 23 16 10 27 9 19 
30 28 29 88 15 88 17 88 25 26 13 21 
28 29 30 88 88 25 2 17 6 
28 29 30 27 88 11 16 9 
29 30 27 24 19 20 3 13 17 6 
27 28 29 30 10 26 18 3 6 
17 22 23 30 11 88 88 88 
28 29 30 88 1 16 13 14 2 8 11 
30 88 8 13 26 20 
26 27 28 30 24 8 29 
29 30 26 28 88 88 15 11 18 24 25 
27 28 29 30 24 11 19 14 88 1 6 
29 30 28 12 1 14 4 9 25 27 17 
29 30 28 21 22 11 15 4 2 
28 29 30 22 12 6 8 88 88 
29 30 25 1 19 8 12 5 4 6 28 
29 30 22 2 16 1 15 88 7 
26 28 29 30 20 21 22 23 18 17 19 
29 30 28 88 10 1 
27 28 29 88 24 16 17 13 8 
29 88 30 88 18 88 21 22 14 
29 30 28 22 11 88 2 10 27 
27 28 29 88 1 2 88 88 88 88 30 
29 28 30 88 20 88 10 1 88 2 
25 26 29 30 1 88 22 88 13 88 
22 23 26 29 30 3 88 5 
28 29 25 88 9 88 21 23 
30 88 28 25 10 3 88 16 18 17 11 88 88 
26 27 28 29 30 2 1 14 88 88 
27 28 29 30 24 25 5 9 
27 28 29 30 88 10 11 13 24 88 
27 28 29 30 24 12 9 6 88 18 
29 30 23 24 26 3 88 12 1 17 2 88 
28 29 30 88 18 20 4 17 8 88 88 1 
27 28 29 30 26 88 5 88 88 16 19 20 
28 88 24 29 30 27 11 20 88 2 
28 29 30 12 22 23 18 16 20 
27 28 29 30 4 22 13 1 2 
29 30 17 88 18 20 26 27 9 11 88 24 
26 27 28 29 30 9 19 23 13 10 15 25 88 18 88 
27 28 29 30 88 23 24 6 5 12 11 
27 28 29 30 88 88 7 9 2 
27 28 88 8 25 30 3 88 88 88 88 7 
29 30 88 7 88 26 12 13 88 20 8 88 88 88 
24 25 29 30 19 18 2 11 12 16 10 7 
30 29 18 88 1 6 4 19 20 5 28 88 
29 30 27 28 26 18 88 88 10 4 88 88 
21 23 88 25 30 26 88 12 13 24 
25 26 27 29 88 30 3 88 23 88 10 16 28 
27 28 29 25 30 88 19 18 88 2 4 17 11 22 
29 30 25 11 10 12 19 21 
27 28 29 30 25 26 12 88 7 8 6 88 2 
