39 40 29 31 7 8 1 88 88 88 
39 40 37 27 29 36 34 2 25 
39 40 37 39 30 12 1 88 4 
39 40 35 36 34 33 88 
38 39 37 40 88 31 33 1 
39 40 37 36 32 33 31 88 
40 38 39 34 29 3 6 88 
34 35 40 38 88 88 88 39 
38 39 40 36 3 4 24 25 
39 40 38 35 36 16 31 1 12 
88 40 35 36 38 88 88 
35 36 37 32 40 88 88 23 
37 39 38 33 40 30 13 14 
36 37 38 39 40 28 88 29 
39 40 38 88 30 12 13 88 
39 40 36 33 34 30 88 37 
35 36 37 39 40 29 9 34 33 2 88 
40 37 38 39 28 30 31 9 
12 13 40 30 29 88 19 38 
40 37 38 39 30 11 88 
39 40 35 36 32 33 37 6 88 2 
39 88 37 38 88 33 27 
39 40 38 20 22 2 1 3 24 31 
39 40 38 88 88 11 32 25 
38 39 40 35 22 26 13 14 
39 40 38 37 11 12 88 4 1 
39 40 37 35 31 34 25 88 88 
39 40 36 30 29 38 37 32 
40 38 34 35 88 36 15 22 
39 40 38 33 34 88 31 32 
1 38 39 88 2 40 9 29 
39 40 24 25 27 28 32 1 
31 40 39 8 16 17 18 38 
39 40 37 38 5 
38 39 37 40 88 19 88 
38 39 40 35 34 8 88 25 
40 32 36 34 1 39 11 
36 37 38 39 40 88 88 17 32 
36 37 39 40 22 23 88 
38 37 39 40 35 33 13 1 
38 39 40 15 37 26 13 5 7 1 
38 39 40 17 37 88 19 
39 40 37 23 28 29 38 
35 36 37 88 39 40 6 22 
39 40 35 36 38 
39 40 35 88 9 38 29 28 1 21 
40 21 38 39 20 37 27 24 14 13 
37 38 39 40 30 33 
39 40 36 31 27 28 1 2 
39 40 38 36 37 
36 37 38 39 40 16 
39 35 36 40 1 2 
37 38 39 40 35 30 1 2 31 
39 88 38 40 30 7 88 
40 22 88 38 37 36 23 14 
39 88 88 88 40 88 
36 37 39 40 38 34 19 
1 38 39 40 37 28 
38 39 88 88 37 88 
88 88 39 40 88 88 
39 40 35 88 88 5 24 88 88 38 88 
39 37 14 38 40 88 
38 37 40 36 88 24 
40 38 36 
38 39 40 41 37 9 
38 39 40 36 25 88 
38 39 40 88 35 88 88 7 
30 31 32 40 38 34 
25 26 27 36 88 40 35 
40 39 30 38 88 37 6 
37 39 4 88 40 34 88 35 
39 40 28 37 33 36 
34 40 39 38 30 8 
88 34 36 39 40 35 
36 38 39 40 88 88 
37 38 39 40 34 7 
39 40 88 88 
40 37 39 35 29 
18 19 88 40 39 3 
38 88 40 11 18 37 88 
39 40 11 8 7 6 27 18 5 15 16 34 
38 39 40 35 6 2 24 25 29 28 30 11 5 10 88 
37 38 39 40 88 16 17 18 27 28 31 88 
39 40 34 36 35 21 17 18 1 4 12 
38 37 39 40 33 36 22 20 28 31 19 32 25 
38 37 39 40 35 17 24 26 33 34 36 
38 37 40 39 11 24 26 88 
37 38 39 40 7 24 27 11 12 14 88 3 22 
38 39 40 35 36 27 88 17 18 19 20 8 33 
40 31 32 37 16 17 35 10 88 88 29 
37 40 35 36 22 32 17 19 21 11 
37 38 39 40 33 32 19 20 21 88 8 9 88 3 
39 40 2 1 14 15 36 37 38 20 5 7 
38 39 40 26 27 32 33 31 14 1 88 17 35 
37 38 39 40 16 35 11 1 
37 39 40 34 33 2 1 11 14 
37 38 39 40 29 31 17 19 18 14 21 
37 38 39 40 22 88 24 28 20 13 14 6 12 88 11 
39 38 40 36 25 26 12 13 10 30 
38 39 40 16 33 32 29 30 
37 38 39 40 12 21 4 10 16 11 
39 40 33 34 9 10 13 16 26 37 88 
37 39 38 40 35 19 21 20 23 1 12 
36 37 38 39 40 7 8 88 10 20 
38 39 40 37 36 88 14 7 88 24 88 
37 38 39 40 33 34 16 1 32 19 20 
37 38 39 40 35 36 28 10 
37 38 39 40 34 36 5 11 32 31 23 15 
38 39 40 37 36 9 10 
38 39 40 34 6 26 12 
37 38 39 40 27 29 26 24 25 33 34 35 16 88 
37 38 39 40 27 32 34 28 88 15 16 1 
38 39 40 1 4 2 5 88 24 25 22 21 15 16 18 
37 38 39 40 35 15 16 14 1 
37 38 39 40 30 29 12 16 88 
37 38 39 88 27 28 19 
38 39 40 35 31 11 7 6 21 1 
36 37 38 39 40 31 32 88 2 3 5 9 26 18 
37 38 39 40 21 34 35 88 
38 39 40 37 26 27 2 16 88 11 
37 38 39 40 12 13 26 19 21 22 7 27 2 
39 40 37 28 1 9 27 19 20 17 
37 38 39 40 32 8 9 14 
38 39 40 37 30 31 36 12 21 28 14 5 
88 38 39 40 29 30 35 20 19 15 16 
37 39 38 40 11 9 29 30 33 23 5 24 25 
36 37 39 38 40 6 13 31 32 33 1 
35 36 39 40 38 22 31 18 1 
37 38 39 40 34 2 
35 36 38 39 40 5 4 
36 37 38 39 40 4 24 25 28 32 16 88 
39 40 36 38 33 34 22 25 
38 35 40 39 34 13 15 18 19 22 23 25 
37 38 39 40 35 18 
38 39 40 36 37 88 6 14 15 19 
36 88 38 39 40 31 20 28 35 34 14 
38 37 39 40 19 11 8 23 29 31 34 33 15 
37 38 39 40 7 9 26 8 12 6 31 88 
36 37 38 39 88 19 32 
37 38 36 39 11 13 24 25 
37 38 39 40 24 28 26 2 12 5 16 15 88 
37 38 39 40 33 28 12 9 26 23 88 11 24 
38 37 39 40 10 21 24 36 30 15 
36 38 15 11 12 3 9 40 30 31 
38 40 41 39 31 21 
36 37 38 39 40 6 31 4 17 
37 38 39 40 34 33 9 10 11 12 
35 36 38 37 39 40 28 31 
37 38 39 40 32 29 24 1 14 30 
37 38 39 40 19 30 31 29 33 17 
37 38 39 40 29 30 31 11 12 1 5 
36 37 38 39 40 23 30 31 10 
25 37 38 39 40 20 23 26 29 
36 37 34 38 39 40 8 7 12 
36 37 38 39 40 32 25 8 11 
37 38 39 40 35 34 21 24 1 2 27 3 
36 37 38 39 40 31 1 19 
34 35 40 37 38 32 24 26 25 
39 40 37 38 28 1 2 3 19 21 
34 35 37 39 40 36 31 22 27 
39 40 31 7 8 14 35 34 
39 40 14 2 1 34 35 32 
40 38 30 39 23 88 31 21 17 16 
40 39 36 1 10 25 24 4 
40 39 33 36 37 32 34 31 20 28 18 
39 40 38 17 32 20 24 21 
40 38 39 37 22 21 1 2 24 26 15 
40 38 39 35 11 9 10 34 3 88 27 
40 38 39 31 4 3 25 9 10 8 
39 40 38 35 11 10 1 2 3 6 
39 40 37 36 4 32 38 9 
39 37 40 36 1 2 20 88 3 5 23 
40 38 39 88 14 21 22 3 4 
38 39 40 27 36 32 33 4 28 
39 40 34 38 30 16 21 24 26 
40 38 39 33 34 11 1 
39 40 37 2 6 3 9 34 
38 39 40 32 33 30 31 34 22 
35 36 38 33 39 40 25 26 
40 38 39 3 4 11 12 16 28 30 20 
39 40 36 32 33 30 37 12 1 35 
39 38 37 40 1 2 9 10 23 30 
38 39 40 30 31 1 2 3 8 9 19 
36 38 39 40 88 1 2 5 24 12 20 
38 39 40 32 35 29 30 5 6 
38 39 40 37 31 17 88 22 24 26 23 
37 38 39 40 34 33 3 
37 36 38 39 40 1 3 8 27 30 29 15 31 
38 39 40 36 28 33 30 1 10 4 7 9 
38 39 40 34 1 6 13 24 17 26 
40 39 38 35 36 2 13 16 12 1 
39 40 25 30 6 7 8 37 38 35 
38 39 40 2 27 6 1 3 22 88 24 
36 39 37 40 15 17 16 18 19 32 34 35 
38 39 40 15 16 37 13 11 12 30 
39 40 38 15 29 19 27 16 22 11 
38 39 40 1 5 21 22 23 17 
36 39 38 40 36 88 32 1 3 88 16 
36 37 35 40 34 26 23 21 22 5 13 6 4 
39 40 37 38 26 27 
37 38 39 40 88 12 1 31 6 
38 39 40 33 10 11 24 1 
38 39 40 37 36 29 30 10 11 16 
38 39 40 31 30 27 32 28 
40 39 37 38 35 36 14 15 16 
38 35 39 40 1 2 10 5 24 29 22 4 
88 39 40 16 18 19 22 24 26 
39 40 32 33 3 35 26 6 22 9 1 4 2 
34 35 36 37 38 40 2 7 
40 39 31 22 38 37 
36 37 38 39 40 16 
38 39 40 5 24 3 36 1 2 
37 38 39 40 23 22 16 2 1 18 14 
36 37 40 35 2 3 23 7 
39 40 35 38 22 36 88 24 2 1 14 15 
38 39 40 27 28 88 2 34 
37 38 39 40 1 4 10 11 15 
37 38 39 40 16 17 18 1 4 6 7 21 35 
38 37 39 35 40 32 16 
39 40 22 26 24 88 16 34 
38 39 40 28 27 16 12 1 7 6 24 
37 39 40 28 25 32 34 35 24 
88 38 40 88 24 26 13 1 7 15 
39 38 88 3 9 2 15 31 
88 40 41 11 12 18 19 24 25 27 
37 38 39 40 6 18 5 28 26 31 12 17 
39 40 36 25 88 26 31 
37 38 40 39 
38 39 40 20 21 17 11 12 14 29 30 34 
38 39 40 37 31 29 30 13 1 8 9 10 17 21 
29 39 88 40 31 24 25 33 
38 39 40 25 12 15 1 3 10 33 
39 40 30 38 2 3 9 19 4 
39 40 21 1 88 4 8 2 6 
38 39 40 26 27 34 28 32 3 17 2 4 1 21 
34 38 39 40 35 37 17 
35 36 39 40 34 
37 35 39 40 1 12 2 
38 39 40 28 31 29 2 10 17 1 3 
38 39 40 3 1 4 8 37 11 34 14 26 
40 39 35 11 40 88 88 88 7 29 
40 38 36 29 21 
31 88 88 39 40 3 6 
40 39 36 33 34 
11 12 39 40 28 88 1 10 37 
40 88 1 14 39 35 37 17 20 88 
39 40 24 15 13 38 1 
88 37 38 40 24 27 8 12 
33 39 36 38 40 17 8 10 
40 1 2 21 16 17 88 
40 36 88 20 21 
38 39 36 88 15 30 88 33 
40 37 88 24 22 28 
39 40 36 23 88 
40 33 32 34 88 6 35 
36 37 40 34 14 1 39 
88 40 36 29 35 21 19 1 14 2 8 26 
40 37 39 22 24 23 38 
40 37 39 32 
35 38 39 40 13 14 15 16 17 37 9 
39 40 35 88 21 5 20 
40 26 27 38 31 4 9 88 88 6 
88 35 37 40 5 88 3 1 19 23 36 
38 39 40 1 8 12 
40 38 29 30 31 32 88 
40 88 31 37 13 88 32 25 
39 40 38 37 15 23 17 2 1 32 
40 35 36 32 29 88 
39 40 37 33 1 2 7 4 29 88 
40 39 38 1 88 6 
23 32 33 35 88 40 34 
27 31 32 40 38 
36 
22 7 27 
30 40 38 8 2 5 
39 40 38 25 16 88 88 88 
32 33 34 40 38 11 88 88 88 
40 39 88 32 88 88 35 29 88 88 
40 38 22 36 35 26 88 
33 6 39 40 11 8 88 38 
36 37 38 40 1 2 9 13 19 
36 39 40 35 88 4 37 
40 39 38 36 12 88 
40 39 38 36 10 8 21 
31 88 88 35 39 40 
39 40 38 1 2 9 15 8 
40 39 
37 38 39 40 12 11 9 10 35 
88 38 40 39 18 88 22 
39 40 38 88 88 11 88 
28 27 29 36 40 16 
16 7 36 28 1 2 40 35 88 88 
40 39 1 3 88 37 16 
15 16 88 14 39 40 37 7 88 
39 40 36 38 11 14 13 15 
22 24 23 25 38 88 39 
88 39 38 36 10 9 37 7 
40 38 39 17 88 88 8 31 4 1 3 
27 28 39 38 40 10 32 
28 29 37 40 39 30 
39 40 33 24 88 8 5 1 7 
39 40 35 27 22 23 20 
38 39 40 36 1 4 7 28 
2 5 17 12 28 
40 34 88 88 18 19 2 3 1 
39 40 36 4 3 5 6 13 
39 40 38 16 15 3 88 
38 39 40 37 18 19 88 88 
33 34 35 88 36 40 
40 39 35 27 26 
39 40 88 4 3 
40 88 20 
19 20 
8 10 14 
18 25 32 21 38 
16 88 3 6 24 38 40 
39 40 35 7 6 3 8 31 38 
26 35 36 40 88 1 5 39 37 
40 39 38 88 13 24 35 3 2 5 23 34 
88 38 39 40 88 6 
88 12 7 8 21 17 18 39 38 35 88 6 2 26 37 
1 33 40 7 6 37 5 10 88 11 
1 5 37 36 39 40 16 17 1 32 
39 40 36 34 4 13 35 10 
38 39 40 36 88 37 32 27 31 1 3 
40 39 35 34 37 24 6 8 7 32 17 13 12 
37 38 39 40 1 2 36 29 30 11 26 23 34 
38 39 40 24 7 27 2 31 32 28 
40 38 88 39 8 22 1 88 88 88 31 
39 40 38 29 30 31 1 10 35 
39 40 37 38 1 36 32 35 3 2 4 5 21 22 29 
40 38 39 32 33 34 20 3 
39 40 37 6 7 11 1 3 14 12 
39 40 38 36 1 2 4 7 25 37 20 
38 39 40 30 6 25 27 88 
39 40 34 37 35 88 24 1 30 31 88 
88 40 88 29 30 31 88 21 22 23 19 1 3 
39 40 38 33 37 28 27 30 6 5 9 12 
39 40 29 30 88 36 4 27 26 88 33 32 
37 38 39 34 1 19 29 40 16 
38 39 40 1 6 7 17 32 27 4 5 36 
39 40 33 31 32 88 38 4 5 3 37 
38 39 40 35 19 88 36 37 3 88 88 7 30 
32 38 39 40 1 38 88 88 
38 39 40 36 32 26 29 88 33 
37 39 40 36 37 22 24 9 6 88 28 
38 39 40 37 88 26 25 23 3 
37 38 39 40 36 16 18 26 21 
38 39 40 36 37 34 88 
37 38 39 40 11 1 88 6 30 28 88 
38 39 40 33 32 26 27 20 
37 38 39 40 32 88 27 26 28 25 88 2 4 
38 39 40 36 24 23 33 88 18 88 88 5 
36 37 38 39 40 88 
37 38 39 40 33 34 2 11 12 5 
35 36 38 39 88 19 8 34 88 3 88 88 
39 38 40 29 30 28 22 2 
37 39 40 38 39 2 1 8 26 
37 38 39 40 20 19 21 
37 38 39 40 88 
38 39 40 37 1 88 
38 39 40 35 88 8 
37 38 39 40 88 30 23 29 88 16 11 
39 40 36 88 28 30 31 2 
39 40 35 36 19 20 88 14 15 
38 39 40 1 2 88 5 88 7 9 88 
36 37 88 88 40 28 27 26 88 23 
38 39 40 33 35 37 30 31 1 88 
34 88 36 37 38 40 22 21 19 88 
35 36 38 40 33 32 26 22 14 88 18 
88 39 88 14 88 16 88 11 5 24 88 
37 38 39 40 34 30 33 28 
35 36 38 39 40 1 2 4 3 88 22 23 15 
37 38 39 40 88 5 88 
39 40 37 38 11 88 23 2 33 
38 39 40 88 34 35 36 88 11 88 88 18 19 
88 31 88 40 28 29 25 11 88 
36 37 38 39 40 9 8 7 17 11 26 22 28 
88 37 38 39 40 20 21 19 
38 39 40 37 28 29 30 32 16 
38 40 35 88 9 5 24 12 88 20 29 1 18 
37 88 39 40 33 10 11 35 22 26 23 24 
38 39 40 36 26 88 27 15 88 19 3 
40 25 39 38 2 1 6 22 17 31 88 20 35 
39 40 31 37 34 35 2 88 14 
37 38 39 40 36 88 25 24 1 26 
38 39 40 35 33 34 36 30 31 32 88 37 15 
38 39 40 88 33 88 18 19 88 25 
33 88 38 39 40 16 30 36 1 2 3 24 88 5 
38 39 40 23 28 37 36 18 
37 88 39 40 17 19 18 88 
37 38 39 88 88 88 1 10 
88 88 39 40 7 11 
38 39 40 36 34 88 
38 39 40 36 37 34 25 88 22 23 3 4 
39 40 28 34 88 27 26 88 
29 31 88 39 40 35 21 16 15 88 88 7 3 
35 37 39 38 40 18 29 88 
36 28 38 39 40 32 34 3 17 18 19 
37 38 39 40 31 88 11 10 12 88 88 15 16 
40 30 7 8 38 22 
40 39 29 9 30 36 
38 40 29 30 16 17 31 12 15 13 
40 39 36 34 33 35 32 4 21 13 
40 37 88 28 25 88 23 32 29 31 
40 39 24 1 88 
40 1 38 4 24 
40 25 39 7 8 20 88 
40 36 34 32 38 1 4 15 88 88 
40 39 4 23 8 29 32 11 10 88 21 
40 37 36 88 22 88 11 13 32 
40 39 34 38 33 88 2 3 
40 37 38 36 14 16 4 33 
39 40 88 25 
40 39 27 
40 88 34 1 2 
40 39 88 2 34 21 88 
40 38 36 88 31 26 
40 39 25 36 32 26 
40 39 34 88 1 9 
40 39 88 5 12 88 35 9 
40 26 30 33 10 9 
40 38 12 31 88 8 1 2 3 
40 39 19 20 11 28 
40 38 39 7 13 36 88 
40 39 37 88 11 9 
40 38 36 35 33 34 32 6 22 5 
40 38 2 15 28 29 32 
39 40 29 88 31 8 10 9 28 20 22 37 
40 39 37 34 25 26 88 24 2 12 9 
40 39 34 20 32 
40 39 32 34 1 15 16 
40 36 31 32 33 15 16 24 25 88 27 
40 39 34 35 27 36 7 8 
40 38 37 88 30 
40 38 35 36 37 11 10 88 13 
40 5 4 23 21 22 30 29 
40 32 88 35 31 23 19 
40 29 37 38 35 88 1 2 16 14 17 22 23 
40 39 27 29 11 16 12 
40 38 37 8 9 1 26 19 13 14 7 
40 39 37 35 28 17 
40 39 36 16 11 7 8 
40 39 6 17 11 14 88 88 
40 35 36 38 33 34 31 16 15 14 
40 36 39 1 5 8 9 18 17 20 
40 39 88 13 11 8 18 10 
40 34 11 8 10 33 19 15 
40 38 39 35 34 23 24 22 88 
40 35 36 33 37 22 26 1 11 
40 38 39 16 88 13 31 11 
40 22 24 23 2 38 8 13 16 15 
40 35 39 37 22 23 18 26 25 
40 39 37 34 23 
40 39 36 38 37 22 1 88 4 14 16 
40 39 88 34 
40 39 88 28 25 29 
40 39 7 9 28 1 8 17 
40 39 32 15 10 36 4 
40 39 88 29 28 30 27 
40 38 39 36 37 17 16 7 8 5 24 28 
40 39 33 20 9 13 17 12 
40 37 38 15 16 28 22 24 88 
40 28 38 15 16 5 
40 88 88 27 19 22 18 21 
40 39 15 5 6 9 12 4 
40 39 30 32 31 12 
40 39 38 28 26 18 19 20 
40 39 33 32 88 12 11 
40 38 5 6 7 
40 31 28 30 88 29 38 
40 39 35 34 88 7 10 15 
40 39 38 30 32 34 5 6 7 19 20 
40 6 39 27 2 3 
40 39 38 34 25 18 17 6 7 8 
40 39 24 38 
40 36 38 39 88 5 13 15 
40 38 39 35 4 25 
40 39 7 8 19 23 31 13 25 10 
19 40 18 
7 4 88 23 39 40 37 88 38 88 
40 34 2 1 4 9 37 27 29 
1 2 37 40 17 16 88 26 88 
1 21 22 4 31 30 88 
31 33 88 88 1 40 36 
40 17 18 39 37 36 1 7 
40 39 23 29 8 13 34 35 37 38 88 19 1 
38 39 40 35 21 12 36 88 
40 38 39 29 88 8 35 88 36 88 
40 29 39 38 12 11 
40 36 39 35 12 13 34 88 5 
39 40 35 88 38 20 88 88 
14 15 40 35 37 19 18 7 6 1 
40 39 29 36 30 32 11 26 
39 40 38 16 36 3 21 
40 37 39 38 1 34 88 30 88 
40 88 39 38 1 2 9 3 8 
15 88 3 4 88 27 88 39 1 
40 38 25 3 36 39 37 1 
40 38 39 29 30 34 2 1 14 15 88 
40 39 38 32 1 12 88 37 9 
40 88 38 16 26 32 3 31 15 
40 38 39 35 37 19 30 28 27 3 1 21 20 
38 39 40 5 88 88 8 13 12 2 
40 88 36 24 20 32 31 1 88 3 5 6 
40 39 36 38 23 22 24 21 9 26 1 2 4 6 3 
40 39 38 31 35 32 27 16 15 18 17 2 88 5 
40 38 39 9 29 32 15 16 18 36 3 11 
40 39 38 37 22 88 20 28 88 36 7 2 1 
38 39 40 21 20 34 24 25 6 88 88 
38 39 40 8 37 32 35 36 3 34 2 29 6 27 
37 38 39 40 25 24 32 2 6 
36 37 39 40 38 5 6 1 2 18 88 3 
37 38 39 40 36 19 31 1 2 88 
40 37 34 36 21 88 11 12 23 25 3 6 4 
40 38 39 1 11 8 18 88 25 24 13 88 2 32 
40 34 36 88 20 88 22 21 11 12 13 14 
39 38 34 37 40 88 1 3 2 
40 37 36 39 38 35 21 22 23 13 10 88 
40 39 38 37 33 26 12 8 10 9 88 88 88 11 
38 39 40 19 18 3 1 13 24 9 20 
39 40 28 34 37 4 2 1 24 16 18 
40 39 88 38 11 88 30 88 
39 38 40 36 32 33 24 11 14 17 16 4 88 88 18 
40 38 35 15 88 6 14 5 21 1 
39 40 36 38 88 1 2 88 5 11 
39 40 37 36 24 33 27 88 88 1 88 
40 38 37 39 88 27 1 8 9 10 25 88 4 24 
39 40 36 34 88 35 2 8 7 
40 37 39 38 26 88 1 4 
39 40 38 88 28 88 1 20 3 8 11 13 
40 39 38 37 28 1 2 13 4 88 
39 40 38 34 37 22 25 26 1 2 18 3 6 
40 37 35 88 24 12 34 21 
39 40 88 88 14 28 88 13 36 16 17 19 1 2 
40 88 39 32 11 35 34 88 20 
40 39 38 88 37 26 25 88 31 88 19 11 
40 39 38 1 19 20 17 88 
40 37 39 14 16 24 10 29 88 32 
40 39 29 30 25 16 12 88 6 17 
39 40 38 88 31 16 24 2 5 12 25 4 
37 39 40 38 14 33 13 88 88 3 28 
40 32 88 36 34 12 88 11 7 4 
40 34 2 27 28 5 
39 40 41 38 2 1 25 24 23 
38 39 40 25 35 12 11 1 
37 38 39 40 34 32 19 18 15 17 21 23 11 12 
38 39 40 36 33 31 27 3 
39 40 25 34 3 1 38 
38 39 40 29 31 21 22 88 26 28 
40 35 88 19 23 17 31 
38 39 37 40 35 8 14 13 4 88 3 
39 40 38 34 31 88 23 6 5 
40 39 88 31 36 88 27 7 25 8 16 
39 40 38 35 33 88 34 6 10 11 8 
40 39 38 34 1 11 14 
38 40 39 29 35 17 27 88 1 6 8 15 21 9 19 
40 37 35 30 16 33 88 10 26 1 2 25 19 20 
38 39 40 88 15 3 7 8 4 36 88 23 11 2 31 
40 39 29 6 28 25 11 88 3 4 5 16 12 
6 7 8 22 37 30 1 40 11 31 39 
36 2 9 33 11 34 1 40 24 88 15 
16 17 31 40 32 
39 12 13 8 21 16 34 1 36 18 9 
39 40 38 37 28 12 
40 39 33 24 34 9 88 37 31 1 23 
38 39 40 33 37 31 
38 39 40 30 27 37 32 25 9 11 
38 39 40 29 8 1 
39 40 37 32 29 8 16 10 11 88 88 88 
39 40 38 36 37 32 
38 39 40 21 20 34 8 
38 39 40 35 37 14 29 1 
36 39 40 38 25 27 7 14 18 20 
38 39 40 34 35 27 29 21 
37 39 40 34 35 30 11 31 
40 39 38 9 2 14 29 30 21 
37 39 40 24 32 38 
39 40 36 88 29 13 
39 40 88 8 31 11 88 
38 39 40 28 7 12 1 15 35 17 88 
38 39 40 26 9 10 28 5 19 
38 39 40 35 36 24 12 31 27 
38 39 40 31 8 12 11 33 88 20 24 22 
38 39 40 37 29 32 30 11 7 4 
38 39 40 24 23 22 9 37 28 
37 38 39 40 30 25 88 20 
37 38 39 40 32 2 26 33 88 
38 39 40 25 29 17 34 20 10 
88 39 40 26 22 25 2 9 7 20 
38 39 40 34 20 25 26 24 27 88 8 7 2 
38 39 40 35 4 32 25 28 
38 39 40 24 25 19 32 5 
39 40 34 35 27 17 19 22 31 
37 38 39 40 16 2 6 23 4 8 88 
38 39 40 35 33 88 19 
38 39 40 34 22 20 23 7 11 88 
37 36 39 40 28 88 17 26 10 11 32 13 
38 37 39 40 19 24 17 
17 36 39 40 17 6 12 
37 38 40 34 13 26 5 1 2 24 7 19 88 
39 40 28 17 25 36 26 11 
37 38 39 40 35 2 1 11 16 88 23 
35 38 39 40 28 31 30 88 17 
35 36 38 39 40 20 
38 39 40 9 28 5 37 88 26 
38 39 40 37 35 32 24 
38 39 40 34 23 30 8 9 
38 39 40 37 33 21 22 
35 36 37 38 40 26 88 13 7 22 
36 37 38 40 32 33 29 27 28 5 16 
35 36 39 38 40 33 28 2 6 25 14 
35 37 38 39 40 22 10 23 25 24 12 
37 39 40 15 17 12 24 30 23 
88 40 33 36 37 30 11 22 13 16 
36 88 38 39 40 34 17 27 
37 36 38 39 88 29 11 19 25 28 88 15 
38 39 40 1 28 4 8 7 9 20 18 17 
36 37 38 39 40 32 4 
38 39 30 29 36 37 27 
35 36 38 39 40 27 28 5 24 6 7 
37 39 40 33 9 3 28 32 88 27 31 
37 38 39 40 11 18 4 14 
38 39 1 3 9 
40 88 38 2 8 27 34 88 
36 37 39 38 40 5 18 6 17 11 29 13 31 
88 38 39 40 15 4 88 
35 36 37 38 40 18 19 20 16 17 31 
36 37 38 40 30 18 17 4 5 1 
37 38 39 40 35 16 3 26 
37 39 38 40 31 29 23 
37 38 39 40 35 88 15 
38 39 40 30 8 10 19 21 
88 36 34 40 27 31 32 18 16 88 
38 39 40 25 34 33 12 27 
37 36 38 39 40 34 24 26 14 88 1 
36 37 38 39 40 88 13 3 10 88 
37 39 36 40 35 6 26 
36 37 38 40 35 32 33 7 25 19 20 29 
36 37 38 39 40 18 1 9 5 88 
40 39 14 23 5 16 1 
37 40 38 9 2 36 29 1 13 8 
38 39 40 37 17 16 12 
40 35 39 34 36 11 5 4 
40 39 37 36 38 3 16 18 19 
37 39 29 38 35 24 
40 37 39 38 30 24 16 
37 38 40 39 18 7 5 21 32 34 33 31 
40 39 38 22 3 15 30 
39 40 29 8 16 11 36 
39 40 4 38 37 14 13 29 
40 39 38 20 22 
88 40 28 36 25 10 18 31 21 12 
40 38 39 21 32 25 7 
88 40 38 21 30 31 1 17 
39 40 38 34 12 
39 40 2 3 1 9 5 37 16 14 24 
37 38 39 88 3 4 1 2 6 5 
37 40 38 25 26 15 14 
37 39 40 38 16 14 15 20 
38 39 40 36 13 11 1 7 6 14 88 
39 40 37 38 16 17 28 
37 39 38 40 14 15 12 13 1 2 
38 39 40 33 32 31 16 15 88 
39 38 40 24 88 6 
39 40 36 37 38 11 16 14 9 32 30 
39 40 38 37 31 32 4 
38 39 40 36 14 16 15 9 25 
38 29 39 40 28 88 31 30 88 36 7 4 9 
38 88 40 34 32 20 88 6 
39 40 34 35 36 25 
36 38 39 40 25 4 
38 39 40 2 3 1 5 6 88 24 25 29 
37 38 39 88 34 
38 39 40 37 30 10 1 88 
39 40 38 10 11 13 35 
38 88 40 22 10 
39 40 88 38 15 2 3 29 19 
40 39 35 
37 38 39 40 32 
39 40 37 38 7 1 88 34 13 9 
36 38 40 4 3 2 
37 38 39 40 36 21 7 8 
39 40 37 38 30 31 28 23 9 11 12 88 
39 40 37 38 35 36 
37 39 40 35 38 1 2 3 88 
39 40 37 12 13 
39 40 13 9 8 1 5 3 4 88 27 28 
39 40 31 35 1 2 
40 39 38 33 32 
38 39 40 37 5 88 16 
39 40 38 36 35 1 2 
34 35 36 38 39 40 88 17 
34 36 35 37 39 
36 37 40 88 1 2 7 21 13 12 
33 36 88 35 88 88 11 12 32 
37 35 38 40 39 10 88 
39 40 38 7 88 8 1 
32 88 33 40 38 
39 40 22 88 24 23 26 27 28 29 
38 39 40 32 5 12 4 1 2 3 13 17 16 
36 37 32 39 40 33 9 24 28 18 23 88 
39 40 38 22 25 24 23 
38 37 9 5 
40 88 38 1 3 2 23 88 
37 88 39 40 35 36 17 15 5 6 
36 39 40 37 8 
39 40 37 38 36 
38 39 40 36 
38 39 40 37 2 6 
39 88 40 88 15 23 88 6 4 5 8 32 
31 33 88 40 14 15 13 
35 34 39 40 38 8 10 
36 40 27 39 11 10 88 
38 39 37 40 34 27 33 1 19 18 21 28 
39 40 88 34 24 26 
36 38 39 40 21 22 25 23 88 
38 39 40 35 88 28 27 
88 40 39 4 5 2 3 18 19 14 16 15 
38 39 40 37 
1 5 11 34 39 40 31 88 36 7 8 16 88 9 
37 36 14 39 40 88 88 88 88 
34 37 38 40 17 16 3 88 27 29 
40 36 37 1 31 13 14 
37 38 39 40 28 1 88 32 88 3 
34 36 35 88 36 40 88 8 37 88 1 
37 88 38 40 39 1 
31 88 38 39 40 24 7 12 25 1 88 37 88 
33 34 38 40 39 13 88 88 
40 39 38 31 29 32 11 35 10 8 21 16 
36 37 88 40 5 4 16 38 1 2 88 
33 34 30 31 37 38 39 40 23 8 7 88 
36 33 37 35 40 1 2 88 14 88 88 30 23 88 
39 40 36 31 88 4 7 16 
25 4 40 39 34 38 1 2 88 
20 21 22 39 40 38 34 35 88 
37 39 36 40 16 19 88 21 88 2 33 8 29 30 31 
38 37 39 40 33 88 6 12 88 1 9 29 30 
1 40 88 38 20 21 25 26 88 29 30 88 
88 39 40 8 11 88 88 28 88 14 15 16 
38 39 40 37 1 17 18 19 20 21 88 88 
37 38 88 39 40 1 26 28 88 88 
37 38 88 40 35 88 1 
37 38 39 40 32 13 11 88 
36 40 39 38 2 1 6 88 7 13 14 88 
37 39 38 40 36 1 2 88 14 
37 1 38 39 40 36 2 88 88 23 
36 39 40 1 4 14 88 
38 39 40 1 88 88 29 
88 26 9 12 88 40 
26 27 18 38 39 40 1 
37 38 40 25 39 34 88 
30 31 32 24 25 17 20 18 5 88 88 
38 39 40 34 33 8 88 
2 38 40 30 12 11 25 24 88 88 88 
38 39 40 8 13 11 88 10 31 88 88 2 
4 25 26 40 88 88 
34 35 39 38 40 3 5 16 17 26 88 1 2 31 32 
1 35 34 40 26 
37 34 38 39 40 88 
37 38 40 9 1 2 26 27 18 19 12 13 10 24 
37 38 40 29 19 1 88 10 
38 39 40 36 1 28 27 88 33 11 16 88 
36 37 38 39 40 2 1 31 28 23 9 6 7 
35 36 38 39 40 3 88 30 15 16 88 
36 37 39 38 40 1 2 24 
36 88 37 39 40 88 24 1 88 88 
31 33 39 40 10 11 19 18 8 9 88 
31 32 88 39 40 1 18 
32 33 4 38 40 39 26 50 
31 30 28 29 32 40 38 16 17 88 
33 34 35 36 37 40 1 2 7 88 27 28 29 
36 38 35 40 
37 39 40 38 88 29 88 
14 15 10 88 13 88 88 88 1 2 88 
35 88 39 40 88 11 88 6 88 
31 32 88 34 40 88 15 17 23 88 88 
37 38 36 39 40 9 8 88 88 18 11 7 88 
32 33 34 40 13 26 14 15 12 
33 37 38 40 39 88 23 25 26 7 
36 38 39 40 1 2 5 19 18 12 24 25 13 88 88 
37 36 38 40 1 3 9 33 88 88 23 27 28 
88 37 38 36 40 29 1 2 12 11 
38 88 88 9 3 2 1 88 
37 36 40 41 20 21 8 3 2 1 9 
35 88 39 40 2 5 6 88 9 24 15 17 88 
88 39 38 40 1 7 88 21 14 
28 30 35 38 39 40 1 3 2 7 18 16 88 
35 36 34 39 40 25 27 1 9 88 
37 38 39 40 2 88 26 28 17 18 88 
88 33 31 39 40 17 18 19 20 8 14 24 
37 38 88 40 34 35 31 88 88 88 14 15 
88 39 88 30 27 88 8 9 10 88 88 
38 35 36 39 40 27 28 
1 3 8 10 88 88 88 38 88 
34 88 40 8 9 1 2 
37 39 40 13 88 88 
32 88 26 27 88 39 40 17 25 16 88 35 1 88 
34 35 36 39 40 10 88 18 19 13 88 
33 35 34 88 39 40 11 12 18 22 88 
39 2 28 36 38 40 7 8 30 24 37 1 
7 34 38 36 40 1 2 
40 38 39 37 29 31 12 88 10 2 
36 39 40 1 2 4 3 21 15 14 18 17 24 
36 37 38 39 40 2 3 1 28 26 27 25 24 
39 40 1 37 36 88 35 
39 38 40 37 28 34 1 2 88 23 12 
38 39 40 34 35 7 8 21 
39 40 38 36 1 
39 40 37 38 35 36 29 32 33 88 1 4 
36 37 38 88 40 20 1 2 32 
39 40 37 38 33 4 
35 36 14 38 39 40 
39 40 36 23 25 38 20 24 4 
39 40 88 30 38 36 
36 35 40 38 34 37 
37 38 39 40 33 34 35 
37 38 39 33 5 6 24 25 40 
38 39 40 36 1 37 29 
38 39 40 30 29 25 
38 39 40 36 1 35 2 
39 40 37 38 35 31 32 15 27 28 88 16 17 
37 38 35 88 40 88 27 1 2 4 
38 36 39 40 35 88 88 
38 39 40 36 4 19 13 14 
36 38 37 40 39 1 2 
37 38 39 40 35 33 17 16 15 18 29 28 26 23 
37 38 39 40 33 36 88 88 88 15 2 16 28 88 
37 38 39 40 20 2 10 33 1 26 25 36 
34 33 37 88 39 40 17 19 20 1 6 
38 39 40 34 35 36 20 16 21 25 24 7 
35 36 38 39 40 6 23 31 32 
38 39 40 34 1 7 6 88 
36 37 38 39 40 34 35 32 
37 38 39 40 88 30 33 
37 38 39 40 35 33 
88 36 37 38 39 40 11 1 2 29 19 28 
37 38 39 40 36 9 17 19 26 18 88 28 7 32 31 
37 38 39 40 36 1 32 5 14 11 
37 38 39 40 88 88 
33 34 36 37 38 40 20 30 24 7 23 
37 38 39 40 88 28 29 
37 38 39 40 36 35 88 16 11 23 15 
36 37 38 39 40 29 30 28 31 
35 36 37 38 40 1 88 6 9 88 15 33 88 
34 35 37 38 39 40 1 2 21 23 
36 37 38 88 40 24 25 
37 38 39 40 11 32 33 9 35 28 24 88 
36 34 37 38 39 40 88 31 26 88 
35 36 37 88 39 40 88 1 5 
36 37 38 39 40 28 35 
35 36 38 88 39 40 88 
33 34 37 38 39 40 31 32 30 20 88 22 1 2 7 
37 38 39 40 88 88 
37 38 39 40 8 88 88 
36 88 35 38 39 40 11 88 31 88 
35 36 38 39 88 88 
35 36 37 38 39 40 10 
88 37 38 39 88 19 88 
34 35 36 37 38 39 4 11 16 12 13 25 26 
29 88 35 36 39 38 40 24 28 88 
33 10 39 40 88 28 37 
38 39 40 36 32 15 88 23 
40 88 35 88 5 2 
39 40 41 11 27 28 
36 37 38 39 40 7 8 9 18 88 17 1 25 5 
88 38 88 40 27 88 30 24 34 23 
38 39 40 35 36 88 88 22 
24 23 37 39 40 35 36 30 
34 37 36 39 38 40 
37 88 88 40 19 17 27 24 
37 38 39 40 88 
21 40 39 34 8 9 13 15 25 26 5 11 29 
88 38 39 40 88 34 
36 37 38 39 40 30 28 
37 38 39 40 88 24 31 33 
36 37 39 38 40 13 12 88 
34 35 36 37 39 40 
36 38 39 40 16 29 88 
37 38 39 40 31 88 88 33 35 6 5 4 3 8 28 
40 39 36 88 29 10 8 31 1 14 35 20 88 
39 40 37 32 29 5 10 14 13 24 88 88 88 
38 39 40 37 17 16 19 10 31 88 29 
39 40 12 37 30 32 16 88 88 
36 37 38 39 40 25 18 24 26 5 2 3 1 88 31 
40 37 88 88 6 9 17 20 34 7 
37 39 40 13 24 38 15 88 1 5 12 
40 38 88 19 17 34 7 39 16 36 
38 39 40 23 32 28 88 4 35 
39 40 37 8 21 2 88 88 88 88 
35 33 32 36 40 37 
40 39 36 32 2 13 20 19 
39 40 37 38 28 30 29 2 7 22 
38 39 40 36 31 37 25 26 23 
34 35 39 40 16 25 24 9 3 
40 39 88 21 34 28 20 88 1 37 22 11 
25 39 40 2 14 35 
39 40 38 6 3 88 37 25 30 1 
36 37 38 40 39 26 9 32 
38 39 40 36 29 14 15 88 88 
40 39 38 36 33 32 35 17 1 88 21 
37 38 40 35 25 30 
39 40 88 2 1 25 36 88 37 30 19 15 
37 38 39 40 5 7 8 6 26 32 88 19 
38 39 40 1 2 14 19 4 
39 40 38 37 11 28 1 88 
37 36 35 39 40 38 34 30 
38 39 40 36 31 88 34 88 20 
39 38 40 36 37 28 2 33 
37 38 39 40 34 26 88 
38 39 40 37 35 20 36 32 2 33 15 
37 38 39 40 36 16 35 88 25 2 
88 38 39 40 21 18 88 14 
32 37 38 39 40 34 35 15 5 14 
38 39 40 37 34 33 28 
8 38 39 40 31 32 88 18 
35 36 39 38 40 2 23 26 
37 38 39 40 88 32 10 
37 39 38 40 4 21 88 
38 39 40 37 11 5 88 2 
37 38 39 40 36 19 24 27 20 1 
29 37 39 40 28 88 1 88 
37 38 39 40 36 29 28 23 
38 39 40 30 24 31 28 21 
38 39 40 35 88 36 28 3 1 2 
36 37 39 38 40 1 9 29 30 88 88 
88 39 40 33 22 88 
35 37 39 38 40 26 25 27 15 
37 38 39 40 34 
38 37 39 40 26 11 31 
37 38 39 40 36 
38 39 37 40 1 2 
38 39 40 35 36 88 88 23 
35 36 39 37 38 40 21 20 29 
36 37 38 88 40 32 88 
35 36 88 38 39 40 88 18 33 6 
88 35 38 39 88 88 21 7 
38 39 40 17 16 18 
38 39 40 19 88 30 88 
37 39 40 25 30 29 6 16 
37 39 38 40 36 29 6 1 12 24 
37 38 39 40 33 24 88 
36 37 38 88 40 88 19 14 15 
36 38 40 27 28 20 23 88 
38 39 4 41 8 2 21 19 88 25 
37 38 39 40 88 12 30 29 6 
37 38 39 40 88 10 20 
36 37 38 39 40 18 
88 39 40 37 88 1 17 
37 38 39 40 14 17 18 22 27 33 88 
37 88 39 40 24 25 88 88 
37 38 39 40 30 31 14 15 
36 38 40 39 88 23 88 15 
38 39 36 33 27 8 
36 37 39 38 40 27 8 25 
38 39 40 2 24 33 16 37 
36 39 38 37 40 19 18 
35 38 37 39 40 26 
38 39 40 17 25 28 27 19 20 
88 38 39 40 33 88 15 24 
40 39 7 8 10 34 6 31 37 14 88 38 
40 8 14 2 38 39 1 9 5 88 12 
38 40 39 29 31 1 16 17 15 18 
39 40 88 9 10 19 27 88 4 
34 35 36 40 31 88 19 18 20 22 
39 36 37 38 40 88 31 18 17 19 23 
40 37 38 39 29 30 1 10 11 3 
40 38 88 88 8 14 15 1 88 88 16 
39 40 38 29 22 5 4 6 
38 39 40 29 32 88 25 88 35 17 
39 38 36 40 37 22 21 
39 20 88 38 32 1 
34 38 39 40 37 1 22 88 
39 40 29 36 25 30 88 
36 39 38 40 6 20 12 10 13 88 21 
35 23 25 26 37 34 40 2 
37 38 40 39 30 31 16 8 88 10 11 29 
34 35 37 19 28 33 38 32 
37 38 40 39 13 88 88 33 35 88 
39 40 34 19 14 15 13 5 
35 8 40 1 39 37 34 
37 38 39 40 34 19 7 26 
38 88 40 24 36 37 4 88 
38 39 40 36 11 13 7 8 22 88 1 9 88 26 
40 35 39 29 30 32 31 14 
39 40 35 38 18 21 22 11 12 9 2 4 5 
38 39 40 25 26 27 28 34 29 30 21 22 9 10 20 
37 38 40 88 36 16 88 17 18 15 
38 39 9 8 40 34 2 7 
37 38 39 40 25 32 88 6 8 26 22 
38 39 40 36 35 33 1 25 24 26 23 
37 39 38 40 35 15 29 2 31 1 
40 38 34 32 36 20 19 88 
36 37 38 32 35 7 18 88 88 
37 38 39 40 34 29 33 11 12 30 
39 36 37 38 40 8 
36 38 22 88 21 19 20 37 88 
38 37 39 40 32 88 88 88 
38 39 40 32 21 22 88 24 16 17 88 
37 39 40 38 11 12 1 
38 40 37 23 88 1 19 15 13 14 88 35 
39 40 28 29 37 19 7 88 26 27 
39 40 38 34 2 10 11 25 88 
39 35 37 40 30 31 28 38 2 
39 40 19 38 88 12 13 14 15 16 26 37 
39 40 31 37 1 20 7 4 5 30 88 33 28 
88 39 37 40 24 25 26 21 34 
38 39 36 40 35 8 9 11 10 88 13 
37 38 39 32 31 40 
37 38 39 40 88 
38 39 40 32 30 15 14 16 5 7 6 8 88 88 
40 39 35 36 38 37 88 
35 37 38 36 39 40 24 23 2 
39 37 38 40 88 
39 40 37 36 27 12 13 11 14 88 
88 88 38 39 40 
37 88 38 39 40 29 88 31 32 33 
36 88 37 88 39 26 7 12 8 9 
36 37 38 39 40 19 32 88 
37 38 39 88 13 88 8 12 88 
40 38 39 88 24 26 1 34 25 
39 40 9 10 33 7 8 22 25 23 88 
88 39 40 88 23 24 21 15 11 88 26 
40 38 88 23 88 32 24 27 
39 40 41 11 12 22 25 88 88 
38 39 40 34 36 35 5 88 3 4 88 
36 37 88 88 88 88 10 12 11 6 
35 36 38 39 40 18 22 23 24 21 
39 40 30 88 20 21 24 25 37 
35 37 39 40 88 21 
37 88 39 40 25 11 12 13 14 
39 40 34 25 16 18 19 20 
38 39 40 9 18 16 8 10 
40 38 36 88 2 21 23 24 3 33 
36 37 39 38 40 3 22 4 8 
39 40 88 32 88 24 88 88 
36 38 37 39 40 29 
36 37 38 39 26 88 88 
36 38 39 88 2 13 3 7 25 8 88 
88 88 39 40 88 6 88 
40 39 36 12 15 31 11 35 38 7 
40 38 37 36 33 11 2 21 1 29 9 25 24 
38 39 40 37 34 10 16 17 88 7 88 88 28 
40 39 88 12 18 21 
38 39 36 40 28 20 17 
33 40 34 35 39 18 17 37 36 1 7 88 
40 37 39 36 1 26 24 88 18 2 
38 39 40 37 27 1 24 30 
39 40 38 22 35 
39 40 38 31 32 10 1 16 88 12 
39 40 36 34 4 5 20 37 
39 40 36 34 3 88 1 2 88 88 
39 40 38 2 3 4 30 25 29 14 
39 40 38 5 4 25 26 20 
37 38 39 40 24 26 21 
39 38 40 27 7 12 30 
39 40 37 16 2 34 21 9 27 26 
39 38 37 40 1 9 30 
40 25 38 39 27 26 6 2 
40 38 39 16 23 
39 40 36 37 1 21 35 12 17 19 
34 35 88 39 40 3 38 1 2 
37 35 38 40 31 88 6 9 10 1 19 
38 39 40 88 1 7 8 32 88 13 
38 39 40 34 35 7 14 13 
39 40 38 24 22 29 26 11 12 9 
35 40 36 37 38 23 1 5 18 
38 39 40 36 29 32 34 18 17 88 12 
39 38 40 36 88 29 15 19 4 88 20 8 
38 39 40 25 1 6 3 
39 40 37 32 35 36 16 13 22 20 
38 39 40 32 33 34 1 4 27 28 
38 39 40 88 5 2 6 12 28 3 88 24 
40 39 33 34 19 28 1 
38 39 37 40 11 12 88 25 30 
40 39 31 35 88 34 19 27 13 14 
39 40 34 22 21 23 1 
37 38 39 40 88 31 32 17 88 88 3 2 88 18 
35 37 38 36 40 23 22 
37 39 40 35 30 29 88 
39 40 37 38 1 7 13 19 12 3 9 
38 39 40 37 20 1 4 21 88 
40 39 36 37 31 30 16 11 28 29 
39 40 33 88 32 30 28 88 6 7 8 
39 40 38 35 7 3 6 24 25 1 
40 38 39 31 1 2 25 24 27 15 88 88 
34 35 88 39 9 12 14 13 20 21 16 
39 35 40 36 38 8 9 32 11 
34 35 36 37 40 3 9 5 2 25 22 88 
33 36 37 38 40 5 11 2 1 26 32 
30 36 37 39 40 28 88 88 
38 39 40 28 35 7 13 1 2 88 
35 36 37 88 30 40 1 2 18 12 
33 31 32 40 39 37 7 35 
33 40 36 37 38 39 14 16 2 1 
31 40 38 39 11 22 25 
40 39 38 31 28 25 1 
36 38 40 37 39 17 88 6 88 1 88 4 3 
40 39 29 4 37 23 27 28 88 
38 40 39 28 12 4 5 88 88 2 
38 39 40 36 37 12 2 11 33 5 24 
40 38 39 37 33 28 88 88 36 23 
39 40 38 23 36 15 17 22 4 
40 38 13 88 5 28 20 25 24 
37 40 88 25 24 26 88 28 27 1 2 3 88 31 12 
40 39 88 34 5 
40 38 39 24 15 
39 40 35 38 18 13 28 88 24 20 
39 38 40 37 17 88 21 22 1 88 4 
38 39 40 36 1 9 3 11 6 29 31 30 
88 40 35 39 37 31 6 5 4 
40 36 38 39 88 6 7 34 
40 34 38 39 14 5 6 7 88 
38 88 39 1 27 4 8 7 21 
40 34 36 38 3 4 10 88 27 88 
40 39 38 1 3 2 88 24 88 
37 38 39 40 29 15 17 88 
40 37 39 26 34 88 17 
40 38 39 36 28 23 20 3 4 19 
40 34 35 37 88 39 
88 7 16 12 40 39 2 23 37 31 88 11 
39 40 38 32 21 17 1 2 29 23 88 
39 37 38 40 1 21 16 17 88 
40 39 37 5 1 4 88 21 2 11 16 24 88 18 
39 40 38 37 88 28 25 24 26 88 31 88 
40 39 35 88 19 37 88 88 88 88 4 
38 39 40 12 88 36 1 88 35 30 32 4 
40 38 39 34 1 30 31 88 
38 39 40 1 88 22 
39 38 40 29 27 10 16 88 88 17 88 
39 40 38 36 1 2 4 88 24 88 88 
39 40 37 34 88 1 2 32 10 88 
35 88 38 40 88 7 8 4 88 
39 40 38 25 4 7 37 88 
88 34 38 39 40 
36 37 88 88 7 13 88 
39 40 88 33 88 8 29 88 31 30 9 88 88 17 
40 39 32 34 1 37 38 88 9 33 24 
38 39 40 36 37 26 20 21 
39 40 37 21 23 88 22 
38 39 40 1 2 3 88 13 8 11 9 
39 40 38 28 31 26 10 32 88 37 88 
37 38 88 40 1 88 4 30 7 
39 40 35 9 88 88 6 88 
40 36 31 1 17 38 88 11 
33 34 35 39 88 88 29 
38 39 40 35 2 1 14 88 28 88 
38 39 40 36 88 2 88 88 28 20 
32 34 36 40 88 2 88 
34 88 88 40 24 1 2 88 
35 38 39 40 7 27 2 16 29 15 33 88 
38 39 40 3 88 14 9 25 32 31 30 88 
38 39 40 5 3 24 15 31 6 88 32 22 
39 37 38 40 1 25 27 19 32 36 88 18 
37 38 39 40 30 88 88 25 1 4 88 
35 39 38 40 1 88 31 88 10 19 13 
88 39 40 34 21 
32 38 39 40 31 1 2 3 5 16 23 15 9 19 
36 37 38 40 35 2 1 3 88 88 88 
39 37 40 12 23 88 7 11 1 88 
38 88 40 9 1 88 88 88 88 
38 37 39 40 28 38 9 2 3 11 19 4 14 
38 39 40 1 2 11 88 14 29 31 8 4 88 88 36 
38 39 40 9 2 19 23 36 37 6 
38 39 40 35 36 6 28 9 24 15 16 88 88 26 29 
39 40 88 1 88 3 11 31 
37 88 39 40 2 88 88 13 24 3 4 88 
37 39 38 88 1 8 31 28 34 35 13 29 88 88 22 
35 36 88 38 40 88 1 2 16 88 34 88 28 88 88 
35 36 37 38 40 32 7 5 1 4 88 3 88 
36 37 38 39 40 88 88 34 25 5 
37 39 40 88 14 4 88 1 13 
35 38 39 40 1 2 3 9 88 21 88 31 88 88 88 
88 88 88 40 88 23 29 7 34 5 
38 88 40 88 1 6 88 8 10 22 88 88 36 34 
38 39 40 88 88 2 88 11 12 15 88 23 26 27 88 
37 88 38 40 4 8 1 2 13 15 12 88 17 88 88 
37 38 39 40 20 1 4 28 
36 37 39 40 32 3 19 7 88 4 88 33 88 
38 39 40 7 33 5 21 88 3 4 88 
36 37 38 40 1 20 9 14 2 
88 39 40 33 88 88 88 6 88 28 27 88 
37 38 88 40 1 2 19 7 88 88 21 36 88 
1 5 8 16 35 21 28 38 3 
40 88 39 2 1 10 9 18 88 22 28 88 
36 39 40 5 1 4 88 17 6 88 
38 39 40 36 1 7 88 20 88 
38 39 35 40 6 8 9 28 88 22 21 
38 39 40 36 1 18 30 32 6 11 88 22 25 16 
37 35 39 40 88 88 8 12 34 36 88 29 30 19 15 
39 40 88 31 88 3 14 11 12 13 29 
38 88 39 40 3 10 28 7 
38 39 40 1 8 88 36 31 88 
88 39 40 88 27 31 4 3 1 88 24 6 8 88 
38 39 40 88 88 88 34 27 
34 36 39 40 1 88 2 8 88 24 15 
36 37 39 40 88 26 38 29 88 
35 37 39 40 1 88 19 31 88 88 88 
38 39 40 35 19 1 3 88 29 30 88 36 88 15 
38 39 36 40 5 6 88 18 11 15 88 27 31 29 
